8192 9000
8176 8180
8156 8163
9 72
32 32
27 34
638 665
439 519
520 586
566 650
8043 8095
132 178
133 180
50 148
7319 7341
3960 4008
3330 3376
2740 2754
6005 6080
7990 8002
3747 3827
6791 6818
5854 5890
6846 6907
6114 6118
7788 7828
5309 5386
7467 7488
6453 6513
6967 7059
321 397
369 371
3853 3871
3928 3955
682 703
684 708
6663 6741
2069 2131
3586 3618
7138 7166
745 822
729 809
736 830
807 893
1570 1615
1052 2316
991 1055
1022 1064
1483 1495
1697 1734
1157 1242
2246 2259
2041 2082
1996 2049
1964 2026
1801 1851
1832 1919
1441 1480
1403 1441
1590 1637
1524 1605
5414 5436
5402 5451
7630 7644
6598 6618
4311 4954
4691 4746
4741 4818
4790 4885
4469 4549
4390 4423
2959 3028
2873 2963
2809 7996
7281 7330
7796 7821
6474 6561
6495 6514
6949 7007
7980 7992
6714 6760
6757 6787
7162 7189
7902 7914
5963 6005
2454 5233
2623 2718
5051 5071
4755 4829
3106 3128
4544 4621
2824 6326
5679 5775
6297 6376
6247 6339
6329 6338
5352 5431
5381 5447
5998 6091
6028 6088
5915 6012
2977 2989
4791 4843
5844 5875
5839 5889
4991 5003
4032 4064
1806 5207
448 1818
1114 1135
696 701
1200 1220
542 635
1542 1544
1567 1567
1488 1574
1311 1349
3313 3318
2106 2108
2102 2186
3320 3349
3321 3328
2386 2459
2351 2431
2365 2382
2051 2059
2192 2216
3690 3782
4712 4732
3006 3087
3066 3121
2962 3034
5081 5142
3149 3210
3111 3205
3138 3186
3030 3116
2756 2769
4851 4865
4056 4143
2787 2875
2760 2800
1960 2035
1916 1998
1870 1951
1904 2049
1936 1959
3655 3674
3230 3274
3204 3295
3264 3316
2628 2726
2628 2705
2673 2673
2904 2950
6171 6223
7837 7859
3426 8152
7317 7339
7416 7497
7161 7257
7224 7295
6554 6587
6560 6563
5561 5606
5269 5306
5282 5347
5253 5277
7957 8044
7920 7958
6807 6865
6796 6832
5470 5513
7611 7639
7635 7719
7545 7629
7506 7571
5843 5876
5688 5695
5667 5691
5670 5749
8114 8132
5154 5213
6110 6130
3564 3646
3634 3715
3549 3592
6190 6274
5884 5885
5975 6073
4643 4683
4687 4718
3804 5054
3761 3823
4065 4137
4081 4152
3890 3897
4773 4814
4807 4905
4655 4681
3405 5508
3358 3429
3369 3437
3970 4032
3945 4025
4687 4695
4903 4948
4336 4420
4384 4476
4127 4151
5025 5108
4256 4316
3487 3518
3463 3522
3702 3794
6945 6968
44 8094
584 617
458 552
568 579
2055 2140
944 956
670 735
1840 1899
216 258
216 237
219 239
1230 1256
1701 1738
2353 2373
2349 2361
1993 2019
1277 1291
1263 1333
1133 1228
146 190
129 211
118 151
137 144
163 194
1412 1505
1747 1820
2680 2779
2770 2798
2676 2723
1534 1537
816 885
800 893
870 911
414 454
399 468
2196 2257
2234 2260
2164 2248
7938 7983
5854 5922
5615 5644
7483 7509
4304 4369
7663 7689
7570 7668
2827 7854
6251 6251
2855 2948
2864 2906
6761 6812
6757 6775
2750 2839
2741 2818
6397 6407
6318 6413
6489 6582
6642 6685
4634 4710
3107 5615
3396 3417
3866 3947
3934 3974
5119 5202
4925 4989
4252 4307
5245 5272
3595 3603
5549 5643
3228 3251
7453 7538
7536 7613
5830 5915
3560 8083
7972 7981
5821 5854
6500 6511
5608 5612
3644 3706
3662 3716
6541 6622
4660 4664
7098 7098
7955 7959
7869 7966
7885 7951
7836 7886
7872 7953
6313 6379
7323 7328
4731 4738
4997 5045
7352 7423
7333 7383
4469 4525
4172 4221
3340 7713
5946 5954
6901 6958
6641 6657
5872 5899
6995 7006
5966 6035
7369 7369
7143 7169
7149 7177
7240 7255
6740 6771
6758 6803
6678 6760
6774 6818
7043 7129
7023 7059
6202 6284
6116 6212
3870 3903
6467 6546
4362 4416
4351 4403
4544 4634
7506 7545
7647 7732
7671 7712
8037 8081
8027 8071
7954 8032
8072 8089
7791 7811
2954 2976
3031 3081
2975 3056
2426 2466
2336 2428
683 5854
4535 4558
5254 5282
1174 1258
1049 1063
5299 5345
5287 5375
5441 5448
3966 4027
1093 1139
2022 2921
2105 2141
4248 4345
1759 1807
1709 1781
3620 3654
2252 4023
3258 3338
3338 3420
3488 3548
3507 3525
2750 2839
3183 3226
2254 2320
1300 1361
1325 1334
1298 1326
944 1023
1018 1046
4656 4701
1598 5464
1638 1707
2222 2253
5756 5774
430 7547
7069 7075
4077 4153
4078 4094
7262 7351
1103 1160
2690 2707
2100 2129
1965 1993
1910 1982
507 532
4317 4408
5572 5582
5581 5636
5392 5469
7525 7570
2798 2835
5725 5823
5791 5814
6558 6603
1335 1397
7408 7470
6213 6224
2183 2187
6299 6394
3695 3772
989 1018
4838 4932
4817 4865
4919 5017
1836 1863
1835 1891
1837 1871
3152 3248
6769 6840
6857 6930
6605 6690
5034 5086
5062 5091
4538 4619
339 7774
914 967
914 922
5666 5672
2770 2797
723 758
1161 1187
6368 6377
462 467
5523 5609
5564 5626
6270 6340
6240 6288
6189 6249
6761 6848
6804 6868
6783 6849
7331 7341
6380 6407
6403 6425
7408 7441
1259 1325
640 665
661 677
2543 2604
5832 5843
2749 2769
5404 5409
6571 6588
6123 6176
6173 6176
6132 6155
2459 2510
2469 2485
477 518
509 540
6525 6556
6491 6560
6520 6533
1086 1100
1034 1131
1017 1044
5720 5801
7526 7598
7589 7602
7108 7202
7157 7248
7127 7187
7147 7205
7232 7240
4090 4121
2360 2429
2383 2450
1232 1240
1230 1295
6910 6943
1408 1490
1460 1469
1335 1423
1412 1444
6590 6609
6568 6661
2264 2334
2307 2318
5111 5177
5111 5209
5132 5201
5158 5227
4266 4327
3544 3619
5433 5521
5406 5490
1945 1964
1849 1897
1891 1913
1901 1981
3056 3071
2836 5134
5014 5088
2830 2848
5012 5013
4321 4332
3454 3512
4354 4425
5110 5112
3264 3344
3282 3301
3287 3382
4660 4696
4682 4767
4703 4765
4708 4724
3912 3989
3967 4014
4030 4090
4769 4838
4795 4828
4787 4822
4832 4861
4819 4864
5090 5109
4136 4221
4119 4158
4197 4266
4634 4644
4610 4644
3868 3888
3794 3858
3528 3610
3551 3614
2858 2946
3112 3169
3135 3185
3157 3219
4865 4934
4874 4879
4457 4489
4430 4470
4385 4443
4471 4519
4605 4606
2174 2215
2207 2279
2245 2282
2187 2273
2132 2182
2115 2185
5924 5978
5984 6046
6019 6056
6037 6080
6080 6085
6060 6100
6028 6070
5913 6009
5903 5952
5940 5986
5860 5929
5832 5879
5261 5340
5317 5350
5275 5307
5220 5291
1770 1810
1759 1787
1745 1839
1622 1651
1568 1647
1600 1663
2628 2701
2618 2686
2656 2715
2613 2619
2593 2630
2040 4417
2999 3016
2752 2779
2540 2567
2612 2627
984 1013
6995 7035
30 104
96 194
88 8108
6744 6812
5112 5121
172 208
4905 4936
6420 6421
149 152
1059 1091
4345 4431
4429 4500
251 252
2102 2146
1944 2012
235 3365
372 441
1244 1293
1550 1636
2950 2995
321 357
303 373
3387 3476
3624 3649
4590 4648
2012 7993
3359 3413
2978 3041
2835 2855
3423 3460
2882 2964
7178 7224
5323 5409
3832 3923
2630 2721
4115 4191
7966 8019
7957 7972
4308 4401
5897 5919
481 7731
2902 2973
636 666
7267 7337
7332 7428
862 865
2262 2278
555 610
4862 4879
6381 6445
7475 7540
6012 6067
5440 5498
4117 4123
5505 5598
4735 4755
8098 8146
8092 8141
8090 8144
8110 8171
8108 8121
8103 8190
8112 8121
8106 8161
71 78
1 8018
115 124
129 170
134 157
161 180
307 358
357 359
212 231
216 223
154 222
287 298
285 300
220 293
235 313
188 238
259 302
229 298
1082 5658
2842 2867
836 934
473 7532
2498 2504
1446 1466
1057 1129
2449 2476
662 719
671 707
2051 2082
918 960
532 537
1188 1287
2639 2641
2274 2372
3118 3216
570 580
444 520
4631 4700
4150 4162
6044 6095
4363 8071
5824 5897
8000 8024
8017 8019
6535 6605
7835 7848
7787 7978
7931 7957
7944 7953
7909 7989
7874 7940
6819 6884
6616 6708
7404 7503
4925 4967
7591 7610
5614 5702
6365 6424
2809 2895
3249 3329
3251 3262
3207 5804
4645 4700
5034 5123
5657 5712
4031 4095
4013 4080
3227 3290
3313 3399
4283 4346
4260 4312
4336 4336
3827 3922
3550 3629
5527 5607
2657 2688
2454 7836
7620 7653
7636 7715
7706 7800
7481 7507
7498 7521
7515 7558
7371 7455
7452 7537
7433 7495
7416 7457
7338 7372
6843 6932
6918 6933
7074 7119
7026 7088
6334 6350
7259 7265
5706 5799
4922 5017
6971 7025
6109 6139
2516 2579
6712 6758
4552 4604
7280 7329
1641 1679
1629 1707
1916 1971
456 2317
585 676
646 692
887 946
763 821
997 1079
1575 5685
2071 2080
3086 3156
1940 1952
2277 2318
3021 3044
2306 5252
2914 2947
1998 2047
1170 6787
5364 5393
6399 6473
2878 2881
5733 5778
3341 3391
4369 4412
6059 6144
5523 5595
3821 3873
1278 1347
4624 4650
5660 5726
3639 3697
2933 2987
6700 6723
6644 6718
4137 4194
4175 4189
4009 4100
6029 6055
1413 1469
1399 1431
4202 4275
1999 2062
4957 5013
5000 5077
5860 5902
4755 4775
4476 5204
1711 1797
1460 2156
1903 1947
1665 1739
2228 2283
2176 2231
1140 1177
375 472
371 6827
520 604
555 575
6314 6395
1169 1262
3833 3880
2162 2179
2065 2161
5021 5039
6428 6428
5761 5810
4801 4871
4145 4238
1001 1071
1970 1978
919 929
3697 3754
3691 3723
6144 6167
6123 6155
2568 2595
2573 2581
4891 4898
6099 6118
6111 6172
1570 1662
6661 6723
6624 6695
5325 5396
1782 1865
4287 4303
5673 5685
5650 5714
1672 1736
790 814
778 873
828 887
795 845
848 886
4349 4359
2233 2306
2204 2281
3585 3626
3606 3623
3243 3297
3222 3313
4586 4680
4551 4634
4565 4593
4550 4570
1288 1386
1385 1445
6027 6093
6003 6055
5977 6037
6802 6884
4941 4975
4929 4978
2656 2704
4266 4286
5553 5565
4684 4780
2521 2529
2485 2535
4453 4542
4410 4461
4456 4503
5517 5544
6745 6759
5134 5228
5214 5305
5209 5292
656 7408
5505 5588
4277 4356
7310 7338
6826 6841
6039 6070
4700 4787
5595 5626
7219 7225
4557 4597
4520 4590
5402 5482
3628 3721
3573 3670
3620 3716
6125 6159
6095 6127
737 793
729 807
6996 7093
6965 7022
6956 7030
6390 6482
6375 6468
6446 6496
6370 6434
2365 2423
2978 3051
5870 5954
5888 5975
5776 5851
5848 5863
1972 2027
3441 3500
1756 1849
1261 1331
1031 3521
3178 3233
2719 2764
985 1041
925 1014
1769 1812
2146 2187
1063 1139
3324 3413
1572 1646
2954 3009
1396 1487
1438 1486
1260 1354
1329 1428
2194 2213
2210 2259
2224 2286
3044 3079
4820 4876
4855 4880
3963 7933
3903 3987
633 724
721 8065
7421 7508
7425 7441
6522 6527
6707 6794
7193 7243
7830 7879
7820 7852
7818 7871
6584 6677
2042 2133
1132 1172
2465 2520
2504 2523
2385 2387
5330 5429
7923 7989
7963 8010
889 908
7532 7621
7585 7608
7605 7614
7586 7599
7288 7316
7316 7367
7351 7374
5838 5888
1345 1392
1307 1376
7687 7716
7618 7702
7576 7635
6940 6942
5750 5827
6194 6202
6179 6264
1807 1862
6415 6488
6434 6515
6407 6470
6427 6439
6455 6486
6488 6557
6467 6536
6969 7020
7017 7045
6990 7055
7016 7075
6921 6977
6976 7008
6912 6969
7910 7916
7876 7956
7093 7162
7030 7097
7045 7056
6280 6373
6273 6348
6283 6364
6346 6353
6060 6061
6017 6095
5455 5533
680 759
2788 4136
3667 3667
3857 3882
3234 3263
4054 4059
4097 4192
4085 4109
4107 4200
3040 3051
2928 2999
5242 5299
5597 5647
5638 5665
5526 5609
4507 6168
6108 6186
5640 5696
5654 5726
5709 5711
5657 5715
5394 5483
4965 5047
5961 6001
8040 8060
8016 8072
8062 8088
644 655
646 696
603 657
389 412
341 5586
5120 5121
5203 5295
5268 5306
5177 5231
4675 4742
5466 5500
5441 5498
5460 5501
5568 5637
5621 5622
4827 4925
4867 4941
4925 4943
732 823
776 815
4557 4643
4643 4661
386 473
442 482
454 498
898 942
868 927
817 900
840 898
775 824
4779 4821
4793 4800
947 4484
2957 2972
3434 3479
3338 3366
954 1017
4001 4083
3025 3045
3632 3632
4429 4448
4419 4432
3701 3744
3684 3741
3698 3742
1458 1477
2035 2099
1743 1777
1057 1143
3746 3786
3773 3856
3789 3860
3806 3853
2684 2721
2713 2805
2803 2823
2723 2797
2519 2600
2551 2574
2583 2651
2529 2544
2457 2544
4454 4487
4463 4543
4538 4588
4455 4461
3518 3532
3482 3570
3527 3561
1873 1956
1584 1597
4231 4278
4197 4244
4229 4303
4298 4343
1664 1674
2230 2250
2212 2273
2277 2369
2303 2321
1329 1365
1355 1440
1292 1387
1343 1345
1234 1314
2978 2993
2657 2666
647 721
696 764
368 7904
1314 1326
6467 6540
463 471
1346 1403
2602 2672
5435 5529
2504 2521
7674 7715
2254 2339
5294 5316
684 751
3164 3225
3216 3233
368 449
5548 5620
6666 6743
4342 4390
4295 4363
3510 3510
578 6651
2077 2120
3263 3318
988 988
6037 6037
4276 4303
3564 3604
3535 3565
5489 5548
5750 5840
3042 3082
4062 4076
3123 7656
7456 7534
7586 7685
7537 7548
3379 3436
4809 4831
4063 4151
5330 5392
4307 4324
6270 6299
7549 7568
7527 7601
7545 7553
4191 4201
6649 6679
7028 7035
7019 7092
7074 7116
6971 7042
7039 7085
6762 6845
6777 6860
6835 6912
6753 6776
6740 6785
3557 3647
3646 3726
7375 7426
7336 7383
7374 7461
4999 5069
6593 6619
7277 7307
1808 1825
303 3184
218 314
264 310
239 327
928 1011
2732 2775
692 721
2198 2204
1813 1821
2602 2678
2992 3038
1637 1704
3128 3154
496 6672
2159 2219
3024 3043
1829 1831
2780 2810
549 625
5907 6004
6468 6485
2408 2458
4756 4819
716 732
6639 6715
2115 2142
904 991
948 1016
978 1064
3359 3438
6323 6329
3168 3251
3225 3318
3220 3292
3219 3236
3275 3308
5047 5117
1324 1390
5347 5408
1600 1687
1621 1667
1573 1619
4970 5025
1200 1201
6023 6091
6053 6054
5980 6029
6229 6232
6187 6239
6542 6636
6492 6559
6631 6674
6671 6672
6672 6713
6133 6157
6108 6137
2493 2583
2462 2501
2480 2522
2537 2557
5662 5742
5650 5681
3511 3594
3756 3823
4350 4361
3564 4674
4141 4176
3987 3993
3624 3675
3648 3700
3804 3804
4189 4204
4195 4286
4535 4563
3906 3910
2071 2074
535 538
2360 2404
5413 5437
4258 5806
5712 5760
5556 5620
4662 4742
621 5212
2221 2266
4704 4712
4049 4060
1028 1076
1950 2047
2734 2790
2703 2751
3276 3370
1121 1186
1579 1602
1600 1603
1557 1642
2827 2858
4466 4504
4489 4489
4449 4510
1455 1537
3375 3414
2099 2173
1317 1381
1371 1422
1782 1796
3833 3895
3790 3848
4576 4652
867 889
5060 5101
854 866
2862 2918
2894 2914
3618 3653
3606 3632
4285 4384
4362 4398
4200 4289
2588 2609
2591 2630
1694 1719
638 690
612 681
578 644
3017 3041
2947 3028
3024 3119
3072 3165
3138 3236
3001 3056
2995 3053
968 1024
5361 5371
5361 5415
5312 5368
6293 6321
364 376
383 391
351 436
7796 7869
7829 7846
4945 8135
7102 7112
6835 6848
5379 5422
7560 7630
6253 6347
5545 5560
5710 5765
5160 5198
5188 5275
7940 7990
7964 7996
7952 8033
7025 7030
5594 5686
5546 5627
7675 7733
5448 5526
5448 5452
5511 5534
6137 6188
6556 6654
6654 6751
6639 6688
6697 6698
6684 6783
7433 7480
1666 8142
7805 7828
6827 6870
5815 5837
1815 7419
7363 7438
1815 1854
2333 2382
2308 2364
2322 2398
2459 2489
2416 2485
3238 3336
5373 5456
4041 4108
4201 4298
4252 4313
3506 5577
4903 4993
4626 4662
4616 4644
5281 5287
1872 1922
1910 2005
1940 1965
2527 2582
2472 2554
7484 7557
7498 7566
367 8187
374 426
1155 1205
2049 2108
7692 7783
8164 8190
1978 2008
3622 3709
6903 6968
6925 6967
4004 4076
1453 1508
1423 1474
7357 7419
7308 7367
5306 5344
1874 1908
7970 8003
7924 8012
7899 7957
8003 8058
2595 2653
2612 2689
331 373
1740 1836
6564 6706
6630 6653
2306 7676
6260 6308
1730 7079
4875 4924
2736 2744
3455 3506
1260 5660
1919 1933
1921 1923
1795 1868
1753 1805
1878 1886
1674 1735
2461 2472
1356 1374
494 1468
1168 1214
1180 1278
1243 1278
799 807
509 585
717 742
818 896
891 973
883 929
1083 1102
1615 1641
2333 2408
1478 1493
1479 1547
5958 5995
2606 7619
7553 7554
4780 4847
6794 6861
4412 4415
7204 7223
4420 4455
7327 7379
7275 7360
3829 3844
5525 5579
3684 3699
3636 3671
3876 3947
3538 3559
4100 4178
6107 6153
4931 4982
3382 3432
2051 3534
2123 2200
2146 2217
3136 3163
3096 3180
3163 3165
2614 2614
2603 2634
2576 2652
2025 2067
1992 2091
2033 2072
2387 2425
6200 6289
6163 6236
553 6248
3951 3958
5228 5244
4849 4883
5623 5638
2321 2368
1491 1518
4891 4934
3662 3698
3661 3674
4761 4803
5349 5401
6029 6094
5650 6969
6296 6305
1758 1760
3047 3116
594 692
2050 2101
4227 4291
4256 4300
935 1005
7512 7539
7644 7714
7599 7667
7559 7644
7703 7732
8062 8086
40 105
66 150
148 176
52 71
67 120
53 121
47 47
4 7074
1429 1513
1691 1778
2293 2386
2248 2330
149 186
1143 1145
1068 1146
7051 7137
5045 5102
614 644
576 652
1219 1285
1270 1310
1562 1653
1582 1657
1580 1621
6775 6863
2457 2529
266 305
2531 2569
5848 5908
392 428
4332 4415
5408 5489
5387 5486
2084 2175
4708 4770
4734 4785
5165 5206
3155 3214
4897 4906
6502 6530
6514 6568
6431 6522
730 827
737 823
820 918
3920 3998
2514 6969
5677 5734
6968 6976
2823 2903
6393 6405
5146 5165
5303 5360
2629 2630
6781 6801
4391 4437
5543 5627
3104 3187
5184 5224
4226 4294
5228 5252
4147 4193
4121 4198
4464 4529
4512 4592
4440 4515
2701 2774
2741 2810
6657 6706
1859 1936
271 8176
8165 8179
243 338
301 311
3830 3878
691 729
357 428
331 411
4072 4092
1544 1574
5493 5568
4928 5007
5621 5636
1367 1383
6555 6571
2740 2768
4243 4332
4242 4292
1197 1249
4490 4572
3998 4016
8048 8127
8025 8050
8061 8125
8113 8189
8110 8127
6242 6306
6264 6327
2672 2676
3672 3709
6641 6715
6573 6649
6614 6695
6695 6757
5986 6065
5126 6093
546 7965
826 849
638 670
7100 7197
7111 7180
464 555
517 543
723 748
7923 7940
7892 7935
6344 6393
6333 6411
6116 6131
6067 6119
6737 6826
6782 6817
6147 6241
6151 6201
5975 6062
5989 6054
2617 2697
5336 5355
1606 1644
904 976
863 926
3501 3544
3891 3985
7769 7831
7828 7901
7818 7857
7841 7902
1529 1531
7071 7084
7075 7084
5644 5669
3617 3657
3546 3605
3561 3565
2213 5824
3179 3265
3150 3241
3003 3004
5532 5602
4436 4528
3292 5877
4960 5008
5583 5591
4331 4355
4315 4383
4211 4282
4210 4253
3915 3943
4667 4721
4603 4681
5737 5764
3639 3665
3252 3333
3589 3607
3031 3044
1443 1507
1300 2820
2472 2533
1454 1480
2090 2096
2538 2628
2625 2661
2625 2689
2051 2078
2366 2392
1739 1827
1882 1979
1947 1973
2245 2300
2211 2258
2714 2763
2723 2771
2722 2794
1664 1707
1649 1713
1313 1360
6928 6955
6942 6960
6873 6929
156 7512
7474 7487
7500 7539
7248 7257
7084 7144
7303 7318
7268 7312
7180 7274
2473 2530
2195 2249
2906 2931
976 1004
307 323
7360 7412
7336 7417
6661 6725
893 904
6230 6250
3591 3644
1960 2004
3370 3444
3413 3498
5783 5837
759 824
803 850
2008 2076
1951 2046
2036 2049
1899 1994
2060 2146
1318 1358
1391 1419
1344 1396
6472 6518
1137 1233
1065 1152
1126 1130
4860 4921
1853 1873
2753 2800
2771 2805
374 456
388 395
384 424
396 401
315 380
274 337
307 387
288 381
253 351
4622 4646
6276 6368
4107 4181
1574 1587
1513 1599
1484 1531
1492 1558
490 565
506 527
204 240
231 239
235 251
6803 6821
4990 5011
4078 5542
5145 5197
5480 5534
5478 5543
3750 5570
5216 5231
4881 4911
4319 4353
4375 4432
3904 3978
3740 3780
4494 4561
4096 4105
4097 4108
4998 5052
5379 5447
468 6960
754 775
1978 2038
1478 1521
959 1052
957 966
1025 1074
685 730
6655 6702
6846 6887
482 535
1193 1248
1175 1234
6339 6375
6938 6950
6902 6945
1406 1458
1375 1411
6005 6096
6027 6077
1658 1718
1618 1702
1635 1734
1700 1723
1610 1685
6447 6513
6480 6555
5924 5983
5965 5990
5885 5983
5903 5934
3085 3127
6407 6429
4825 4908
5178 5242
4010 4025
3078 3080
1849 1937
1891 1932
2507 2514
2159 5841
5038 5056
4817 4862
4801 4847
4768 4839
3103 3150
3139 3227
5675 5677
5168 5168
5556 5620
4520 4569
2713 2727
2629 2991
2913 3005
2592 2673
2524 2611
2582 2652
4929 4950
2199 2201
4585 4601
5349 5419
3239 3250
3245 3287
3473 3490
4058 4118
4044 4118
4213 4290
5437 5505
5499 5554
2272 2342
4294 4345
2671 7244
3674 3736
5076 5078
3514 3590
3963 3984
3596 3663
3828 3876
4547 4630
4568 4633
4656 4672
3312 3374
6636 6728
7168 7235
5837 5909
2807 2871
2840 2915
4217 4308
4232 4234
3176 3202
5230 5279
4803 4895
2369 2389
2229 3435
2670 2714
1752 1846
451 3167
803 844
934 1003
988 1080
402 483
1215 4013
3363 3371
671 748
181 196
7560 7615
5201 7814
5508 5513
6997 7055
7494 7548
7645 7732
7700 7762
7636 7700
6313 6353
5394 7523
5344 5422
1501 7803
1841 1925
1562 1600
2345 2383
3393 3421
3405 3487
2245 2245
2883 2925
3538 3599
3529 3620
4724 4741
4129 7386
6409 6499
6243 6269
4508 4563
6329 6371
4938 4939
6819 6911
6067 6143
2975 2979
7999 8018
7968 8052
7989 8048
8042 8112
8101 8163
8103 8122
8118 8181
8171 8192
8047 8056
8006 8082
8018 8066
8055 8096
7906 7980
7913 7982
313 8167
737 772
7454 7550
7933 7994
5898 5903
7219 7278
1060 1085
991 1011
979 1026
926 1025
5891 5892
5873 5906
1264 1355
8063 8074
6782 6828
6221 6256
906 906
446 454
1033 1055
8079 8126
8069 8153
8069 8168
8082 8146
6432 6463
6451 6490
6476 6487
6605 6610
6565 6612
6577 6600
7135 7201
6032 6115
6099 6156
6154 6166
6058 6152
6119 6151
6006 6054
552 575
534 605
568 648
648 661
602 683
455 544
461 558
3734 3760
302 339
301 358
6916 6991
6877 6944
6975 7070
7061 7125
7121 7124
7108 7127
7023 7024
6935 7026
2435 2466
3025 3118
7815 7840
7313 7329
7327 7416
7264 7337
6300 6347
6264 6312
6214 6306
4601 4656
4095 4096
6377 6393
6344 6435
7629 7724
7668 7716
7713 7777
7675 7726
7570 7665
7643 7715
7568 7597
4525 4570
1430 5841
1433 1505
3266 3292
3877 3892
5683 5747
4034 4069
4398 4472
3577 3602
3317 3401
4900 4998
2080 2080
4766 4825
1529 1606
1486 1555
3443 3452
2705 2710
2695 2758
2216 2808
2388 2388
2397 2430
2370 2399
2653 2738
2696 2737
2155 2196
1770 1835
1766 1785
1745 1826
5433 5451
4180 4225
2883 2973
2934 2957
2879 2931
2836 2908
5614 5662
3408 5705
5489 5576
5574 5591
4824 4882
4236 4284
5698 5737
5724 5774
4441 4476
3738 3834
3988 4040
5024 5115
2082 2108
1079 4996
1302 1314
2281 2328
1873 1892
1873 1898
4853 4937
2506 2521
2474 2562
2503 2530
4055 4152
2390 2465
2332 2391
2894 2975
2885 4983
4675 4680
3506 3510
4965 5039
2906 2932
4095 4125
2759 4241
2963 2990
2976 3068
3622 3647
3587 3592
4286 4302
1450 1527
2082 2139
6615 6617
309 8044
5627 5697
2993 3035
6003 6036
4905 4937
839 870
4207 4208
7197 7260
2316 2352
4735 4819
4690 4756
5398 5443
3468 3472
1146 1201
901 935
383 433
1388 1469
5132 5136
724 807
6180 6235
1233 1302
1250 1302
1545 1557
1531 1567
6400 6451
6340 6414
7545 7627
3053 3095
3042 3068
2072 2086
2078 2147
7186 7189
3995 4091
7366 7392
15 78
45 138
75 148
81 96
140 171
25 70
34 34
52 147
73 8063
6853 6906
7097 7142
7435 7441
8017 8084
8076 8164
8126 8190
38 96
537 582
6995 7042
6964 6998
6767 6785
7817 7858
7842 7860
7050 7077
7472 7521
7454 7500
7616 7715
7569 7626
7615 7665
7205 7232
7180 7261
7200 7254
7775 7786
7764 7823
640 732
621 653
589 687
656 676
538 617
691 692
661 728
1943 1988
6309 6320
6211 6254
6217 6287
2444 2534
990 1017
231 321
299 373
150 172
5703 5745
5735 5821
5734 5745
5644 5708
6028 6040
1519 1551
1536 1621
7308 7403
7353 7390
7305 7349
2812 2818
2141 2173
1021 1050
5093 5131
2978 4972
3039 3118
3973 4042
3965 4012
3763 3803
4155 4237
4163 4214
3214 3264
4942 4950
4919 4991
4499 4587
2689 2785
783 834
788 850
838 880
7867 7909
7879 7904
1073 1088
6532 6553
6513 6599
6597 6658
6540 6598
6507 6602
5370 5420
5367 5441
1639 1659
6427 6489
6379 6464
2263 2310
2304 2395
2859 2918
925 5547
5429 5499
1589 1678
2033 2033
2886 2898
1753 1852
1757 1785
2478 2555
1516 1565
4174 4273
3973 3975
4812 4815
1156 1161
5283 5364
4500 4561
2163 2195
2275 2310
1931 1964
1927 2018
1908 1979
3268 3340
3258 3327
3291 3313
4938 5026
3520 3546
3524 3557
1205 1267
1238 1292
3579 3667
3664 3757
2337 4383
2406 2495
2263 2338
3000 3071
2980 2996
978 1037
918 1011
943 1037
4823 4852
2203 2210
1170 6454
1252 1282
5852 5873
5328 5336
6314 6347
2165 2244
6144 6195
5771 5840
5731 5795
4833 4892
5672 5687
4910 4934
3893 3948
2923 3009
4989 5032
6374 6463
6421 6481
3550 3609
2884 4541
3674 3679
3022 3080
4381 4469
1864 1876
2488 2559
6271 6275
374 462
96 8044
217 256
235 287
237 272
7588 7606
6316 6328
6322 6338
7812 7863
7834 7882
7816 7873
7821 7861
7444 7464
6381 6415
7901 7986
7803 7901
7922 7942
7943 7943
343 354
339 437
366 449
327 416
373 377
361 373
322 385
7194 7253
7759 7796
8006 8068
6688 6787
6714 6717
6179 6251
6181 6251
6089 6183
7521 7560
7496 7552
7725 7736
7098 7123
6832 6888
6850 6907
6803 6882
6836 6870
6849 6878
6790 6805
6737 6808
6629 6676
6664 6689
6655 6659
6654 6717
6696 6772
6542 6630
7641 7664
7629 7715
7712 7746
7646 7660
7639 7660
6964 7031
6987 7040
6982 7072
6997 7038
148 177
101 194
119 185
179 193
7574 7586
6450 6451
6418 6471
6355 6429
6467 6552
1544 1571
5547 5562
3631 3654
3071 3143
4876 4886
484 6005
517 543
538 547
2652 2715
1933 2020
1992 2071
4115 4130
4129 4162
4561 4593
1798 1886
1772 1823
2323 2416
2306 2349
5594 5616
5263 5331
3839 3878
3788 3872
3796 3884
2872 2923
2861 2939
5979 6040
2141 2209
2187 2206
5176 5248
5194 5229
1593 1658
5773 5801
791 871
812 824
762 842
755 841
1072 1139
1204 1266
890 958
957 967
861 892
889 895
848 926
852 879
924 938
5404 5423
4486 4536
4509 4525
1032 1042
1005 1057
1012 1087
1044 1051
942 1005
971 980
3594 3642
3535 3613
3587 3642
5366 5375
4072 4112
3325 3363
5730 5744
4030 4043
3954 4037
4812 4837
4865 4959
4951 4957
4769 4865
4827 4862
4461 5072
4919 4939
4218 4316
4300 4373
3662 3734
5529 5574
1282 1328
658 686
668 721
684 709
653 732
596 683
5672 5713
1665 1724
1136 4981
1647 1657
1602 1623
1821 1853
2702 2797
2327 2378
2981 3002
2513 2543
3148 3176
2262 2317
2183 2262
2199 2205
2427 2509
2417 2430
2395 2438
2470 2544
1515 1600
1577 1580
1118 1200
1107 1175
1121 1134
1075 1117
1187 1263
1238 1275
3187 6206
5601 5700
5495 5586
5526 5598
3161 3234
5969 5978
4314 4321
3947 4018
3955 4013
4520 4594
4675 4756
4711 4712
4679 4719
4947 5019
5358 5386
5064 5155
5001 5072
5001 5063
5078 5118
5099 5178
4083 4115
4107 4167
4101 4180
5293 5357
5357 5380
5232 5322
4823 4920
4748 4836
1961 1979
3075 3082
7306 7377
7303 7359
7340 7435
7388 7405
7313 7373
7270 7320
7307 7350
7414 7433
7141 7147
7099 7163
7155 7192
7190 7281
1303 7979
4703 4770
1991 2007
2737 2755
2753 2819
6582 6618
7053 7056
3283 3361
2480 2497
1377 1407
7238 7323
7281 7305
3009 3031
2944 3034
2963 3041
7666 7734
7657 7688
3833 3891
1960 1985
4911 4966
4257 4288
6357 6395
3762 3770
2837 2906
6454 6536
2707 2734
2582 2611
7144 7153
7085 7118
6819 6903
5548 5627
3221 3248
1256 1343
1066 3133
1280 1306
3453 3510
7511 7524
6090 6092
5643 5724
5639 5722
5256 5288
9 7926
6035 6098
6453 6485
3110 3204
895 932
142 2124
1381 1417
149 167
446 542
7240 7245
4566 4655
2132 6852
3554 3579
3556 3636
3984 4079
22 8179
3688 3702
3155 3164
4143 4210
4084 4160
3372 3391
3727 3727
2512 2557
6432 6489
3441 3507
5188 5222
5918 5955
3026 3042
5302 5338
5245 5310
369 382
2832 2845
1506 1541
6859 6886
5621 5624
7240 7255
5820 5914
6067 6086
6043 6116
7301 7347
173 190
4284 4291
2201 2213
2952 2966
265 338
259 316
1153 1179
3069 3087
3018 3072
1366 1456
1404 1419
33 67
3761 3781
3761 3787
531 566
521 571
517 586
513 550
1711 1762
1729 1784
1689 1779
1687 1768
1720 1768
7612 7661
5472 5507
5426 5507
3793 3824
2426 2509
2364 2453
2385 2470
2405 2497
2386 2451
2278 2364
2310 2381
6354 6366
6361 6429
2924 2929
609 672
4985 4995
5682 5710
4250 6134
4771 4817
4214 4252
4648 4653
5827 5888
4935 4945
5311 5389
5936 5993
5634 5635
1233 1236
3220 3299
3246 3313
3311 3362
7368 7419
7387 7448
989 1013
903 996
6999 7056
6981 7026
8075 8156
8058 8127
7812 7871
3542 3629
3614 3660
3563 3573
6528 6598
6510 6554
1920 1955
1550 1632
833 882
742 834
786 789
876 973
101 3030
1600 1638
258 349
2052 2116
2499 2538
898 947
320 5992
4481 4559
1781 1811
3151 3195
3141 3230
534 608
7589 7602
7546 7594
7539 7579
6767 7821
7046 7077
6716 6787
6745 6754
7341 7392
7334 7384
6821 6883
6792 6861
7747 7807
7140 7142
2196 7524
6900 6912
1730 6618
6102 6161
7017 7085
68 7874
287 332
232 232
334 420
353 380
322 389
283 330
455 455
7422 7460
115 146
108 128
4669 4756
5234 5322
2146 2214
3887 3977
4061 4151
3770 3788
1835 1906
1824 1835
1263 1356
5997 6065
515 543
1599 1604
974 991
5581 5633
6164 6242
4906 4998
4907 4916
5762 5785
4155 4196
5465 5545
5477 5564
2596 2638
698 710
490 7138
1769 1810
1632 1638
1011 1023
1167 1205
1057 1087
1654 1655
2377 2409
511 555
509 544
513 562
827 878
1255 1280
4015 4102
4324 4375
4282 4347
1724 1739
4608 4627
3070 3090
701 735
679 772
2448 2537
2488 2564
6728 6812
5447 5480
6218 6223
1369 1425
1397 1462
1453 1489
2221 2272
168 220
7891 7960
2672 8099
5289 5331
6988 6994
6041 6085
7802 7861
7767 7859
7788 7837
6997 7028
7401 7481
4730 4795
4355 4388
5232 5238
5209 5291
2929 3016
2874 2932
2925 2947
2918 2991
6790 6843
3723 3816
764 8167
7150 7192
954 1010
2811 2826
3339 3387
7696 7713
1530 1594
7892 7970
7945 7973
7951 8034
5433 5441
6256 6288
2668 2694
808 7893
1562 1630
1404 1411
1715 1755
7777 7864
7844 7886
1328 1359
1268 1328
7374 7408
1166 1178
2070 7107
4258 4348
2950 2971
4370 4431
6049 6062
6655 6690
5528 5626
5635 5713
4940 7786
6972 7069
6960 7026
5231 5247
7070 7113
7762 7843
7769 7777
7775 7842
7762 7809
6285 6942
5013 5095
7484 7528
3369 3381
4092 4093
2467 2496
2328 2364
1542 6143
5246 5332
4351 4435
3628 3698
2960 3034
2929 3018
6056 6148
5626 5689
4451 4465
4999 5015
4756 4835
1528 7554
5105 5168
5258 7431
6841 6912
7283 7358
6134 6139
5949 6011
6642 6713
6667 6731
5415 5491
7171 7192
2738 2770
1565 1616
1568 1627
2566 2657
4768 4838
1531 6484
6355 6427
4535 4553
3160 3245
4957 4989
3950 3989
4073 4081
4116 4119
2477 2576
964 966
694 768
706 765
743 798
3 21
8 94
58 8172
7781 7816
8079 8143
8138 8156
8083 8172
8118 8139
8107 8166
8083 8104
8094 8103
624 631
1279 1280
1466 1517
870 958
4408 4475
3804 3890
1861 1944
6935 6967
3963 4053
1535 1623
7595 7649
7562 7644
6067 6148
3602 3679
2542 2566
7899 7915
2247 2271
2219 2296
5336 5407
5320 5382
7965 8063
8039 8059
8045 8080
8051 8063
7922 8008
7897 7939
7908 7989
7878 7941
7966 7976
7881 7974
7949 7950
7991 8048
7964 7991
7951 7990
7975 8000
7986 8003
7976 8067
7949 7969
7923 8000
7924 8023
5230 5310
6847 6866
6845 6932
7828 7868
7800 7893
7890 7915
7873 7904
7877 7939
7859 7932
2350 2382
4641 4697
7433 7451
1724 1814
1653 1745
1735 1821
4522 4605
4525 4562
3680 3771
3700 3794
3685 3694
3037 3099
4132 4160
6054 6062
2689 2742
2053 2121
1993 2080
5942 6026
593 613
6694 6729
7358 7411
284 334
233 307
259 274
287 338
280 341
1361 1401
1382 1406
7653 7725
7678 7730
2920 3009
2931 3021
4927 5025
5024 5032
4995 5051
5001 5062
6255 6296
6240 6271
3522 3535
3523 3570
3494 3522
2450 2522
918 7768
7636 7649
7638 7719
1645 1709
1931 1958
5621 5675
3775 3839
4140 4167
6339 6358
2511 2522
1023 1043
5457 5527
4801 4833
4087 4104
6656 6712
3320 3368
4350 4362
3893 7015
6887 6983
6648 6662
3204 3273
1416 1503
7077 7155
258 7537
4520 4555
5444 5448
5293 5317
6589 6648
5083 5166
5688 5747
1850 1869
7007 7040
6941 6988
1048 1071
262 289
800 875
3341 3342
292 7317
1360 1372
696 781
988 1082
1078 1135
956 996
623 634
585 598
793 823
1149 1217
1069 1166
999 1096
1230 1284
1274 1274
1169 1260
1240 1290
832 913
823 888
801 854
785 848
758 850
731 767
704 801
868 906
6876 6898
2538 2630
1775 1847
1378 1408
1383 1391
4067 4074
6924 6944
6391 6478
519 525
5394 5419
6217 6258
2678 2768
6270 6351
1979 2022
3115 3152
2281 2338
1561 1561
1544 1588
4980 5039
3702 3743
1613 1696
1661 1690
1664 1691
1691 1760
1616 1663
3823 3833
3883 3919
3849 3921
4417 4476
4412 4473
4379 4463
6667 6674
6599 6684
6497 6568
5585 5612
5610 5669
2426 2484
2448 2537
2455 2535
5974 6037
537 571
533 542
541 588
3187 3226
3164 3257
3208 3270
4577 4592
4133 4205
4173 4189
1449 1509
1504 1543
1508 1604
1587 1678
1606 1655
1511 1560
1460 1519
1485 1527
1518 1519
1432 1514
1438 1524
3348 3423
3349 3415
3372 3378
3379 3432
3566 3579
2839 2935
7113 7177
7142 7154
385 441
351 386
345 408
424 522
520 520
414 475
5070 5166
5153 5238
5311 5384
5331 5347
5285 5349
6798 6812
6780 6874
6808 6851
4657 4754
4570 4657
4502 4575
4699 4789
276 320
302 342
279 320
220 316
253 302
268 275
329 340
334 378
320 342
2141 2233
2116 2160
2084 2120
5444 5474
1915 1947
1879 1965
1890 1971
1894 1899
5242 5275
4353 4378
6116 6172
6079 6150
6133 6206
1308 1323
7350 7448
7404 7422
7538 7624
7547 7558
7554 7592
2131 7802
6817 6856
7319 7336
7064 7139
7149 7207
7397 7470
7405 7444
2252 2269
6953 7026
7002 7023
6921 6971
5224 5268
2695 2767
6263 6317
6230 6295
6545 6551
7510 7569
7463 7510
7458 7534
7559 7634
3611 3631
2308 2363
2596 2627
2592 2608
4084 4089
4652 4745
4650 4690
4651 4697
4949 4970
4465 4514
4440 4483
6718 6792
3993 3999
7693 7775
7723 7774
7763 7764
7706 7727
6451 6455
2397 2475
5633 5650
3943 3979
2811 2887
2858 2870
3003 3079
7226 7267
6081 6164
5347 5431
5345 5386
4595 4629
4581 4632
6016 6054
5660 5681
5442 5473
6651 6695
5003 5030
7796 7836
7789 7802
4124 4188
4256 4301
4287 4290
6861 6894
2126 2205
3715 3794
2790 3911
2919 2977
2946 3006
3396 6772
5767 5828
5788 5794
4347 4385
4290 4332
4311 4352
4822 4921
4867 4887
5866 5889
5619 5691
3553 3633
3559 3618
3589 3662
4183 4196
4158 4218
5987 6036
6331 6337
5925 5982
5939 5963
5972 6019
5966 5997
3745 3783
3679 3765
3914 3949
3848 3936
3799 3875
3531 3535
6528 6538
6519 6617
6569 6639
5198 5293
4944 5006
4997 5067
5019 5025
4968 4995
4951 5005
6246 6322
6295 6394
6086 6168
5472 6801
6174 6271
5679 5740
6276 6286
6256 6287
5979 6035
5815 5895
6604 6701
4549 4593
5096 5110
5093 5190
5012 5093
4613 4641
4660 4708
3260 3337
1925 3477
3301 3386
3244 3297
3270 3350
2869 2915
3448 3490
1928 1935
2822 2826
2755 2829
2435 2459
2555 2631
2597 2694
2626 2677
2231 2250
2225 2279
2408 2420
2405 2409
2292 2377
2064 2144
2069 2141
2051 2090
2116 2117
2128 2160
2948 2967
1191 7612
6827 6891
5213 5249
5291 5315
7265 7362
7326 7407
7349 7372
7093 7115
6415 6499
6685 6714
6522 6545
6498 6587
6555 6653
5163 5167
6159 6224
6252 6341
6180 6272
6149 6195
6113 6177
6243 6292
5795 5850
5783 5857
5869 5876
5746 5773
5762 5842
5795 5853
5610 5612
5564 5637
5630 5683
5578 5641
6008 6105
6005 6046
6093 6167
5449 5509
5472 5552
5439 5467
5435 5485
7565 7617
7513 7600
7451 7475
7036 7060
5316 5392
7679 7692
126 186
116 192
166 168
176 188
123 199
191 195
168 169
120 5161
4485 4547
1305 1328
600 610
642 651
4428 4460
4799 4816
1748 1836
1732 1770
1502 1566
1480 1545
3657 3752
783 822
3174 3242
1004 1013
698 756
4190 4240
4115 4130
1214 1231
3444 3484
5032 5057
1698 1715
1699 1714
3914 3930
3885 3960
3929 3972
4678 4777
4663 4748
2347 2435
2381 2414
2801 2849
412 493
439 439
473 550
3996 4005
2685 2742
2709 2789
2638 2713
168 230
111 188
140 183
122 134
219 276
248 322
3261 3351
3332 3425
3245 3289
3256 3294
2936 3023
2902 2942
2879 2917
2962 3043
2889 2980
2833 2893
345 400
2004 2059
1367 1453
1377 1401
1330 1398
1427 1465
1403 1449
1341 1413
1117 1208
1097 1157
1145 1231
3775 3816
1806 8046
3786 3820
4249 4297
3530 3573
4745 4775
4761 4792
3130 3155
4390 4428
6800 6846
5193 5280
6905 6931
4563 4571
4820 4904
7820 7875
1581 1649
663 7794
3996 4023
3538 3554
1312 1319
4982 5028
4991 5005
1708 1764
22 51
11 52
23 87
35 7535
5177 5275
6203 6228
1175 1200
5768 5772
7116 7141
4023 4072
2386 2417
5032 5061
4983 5053
5014 5020
6324 6382
6359 6415
1598 1664
6551 6587
4798 4820
4799 4799
4105 4176
4359 4458
5518 5529
6925 6973
6916 6955
1689 1767
3019 3045
3003 3054
2952 3006
5378 5419
687 693
1852 1893
7066 7097
46 8046
7660 7702
6935 6970
6867 6916
7785 7807
1206 1214
2097 2126
2064 2142
2040 2073
6071 6136
6027 6115
6014 6051
7996 8077
8017 8023
7998 8094
7966 8013
7386 7474
7405 7425
7429 7448
837 935
3537 3574
2274 2324
1255 1268
5726 5814
959 1021
7484 7574
4089 4139
5555 5580
5915 6003
5973 6003
2974 2995
4658 4749
4696 4767
3610 3682
183 205
3143 3216
591 668
7208 7211
3339 3396
3306 3378
3244 3322
4450 4514
4375 4464
5122 5185
3897 3944
4890 4961
4013 4071
4046 4064
50 59
718 768
7921 7931
7845 7907
7885 7891
7876 7957
7941 7962
4174 4207
3974 3986
2157 2164
2358 2446
2435 2501
7314 7344
6615 6683
6666 6706
6657 6669
6578 6646
6167 6212
6147 6212
6193 6244
6238 6267
6260 6302
3026 3045
7630 7650
7599 7632
2829 2916
2715 5991
5835 5870
4080 4080
3783 3856
4777 4785
5337 5339
602 5584
1489 1522
5016 5040
1733 2006
1276 1311
5413 5429
5509 5524
2920 2946
711 751
592 7375
2419 2430
7178 7203
2229 2259
6917 7003
1759 1816
2535 2549
3238 3283
6693 6716
3992 4066
4194 4267
4123 4132
5085 5162
2557 2630
1599 1681
1387 1469
1330 1405
3340 3371
3009 3016
3075 3121
4277 4350
3596 3617
822 830
3653 3662
524 622
5892 5986
2643 2720
1039 1042
2282 2338
3631 3644
6052 6137
6121 6123
5275 5351
2880 6763
3917 3921
3071 3114
3193 3195
4500 4512
4510 4530
6004 6028
5161 5244
3236 3249
568 5746
7036 7099
5200 7935
6082 6154
5917 5953
7648 7733
7329 7403
6976 7008
7068 7103
7924 7986
60 156
35 4998
280 290
311 344
4930 4963
2733 2826
422 4350
1134 1139
1091 1116
1338 1404
1359 1401
439 519
739 825
785 793
2169 2214
1192 1205
2041 2052
1840 2642
1779 1830
374 7039
1098 1158
799 819
552 594
2303 2393
2325 2372
2976 6911
5018 5018
5196 5236
5034 5130
3004 3068
4533 4540
4524 4538
4475 4499
5253 8055
7997 8024
7360 7374
7970 7975
7914 7946
7935 7963
7962 8011
7862 7867
7192 7248
7246 7282
7278 7374
7583 7639
7627 7698
7611 7686
7554 7613
7635 7675
7815 7829
3106 3118
3709 3800
4127 4205
3522 3546
3269 3365
3808 3815
1064 1085
426 7139
693 738
1311 1379
7040 7073
777 812
6531 6591
6891 6912
1230 1309
1254 1285
6684 6744
6632 6698
493 562
532 585
377 524
347 431
6425 6453
6386 6471
6422 6442
830 835
832 837
825 847
3213 3232
4205 4266
4754 4797
1425 6288
2560 2609
4296 4315
1356 1427
1351 1365
4892 4927
4812 4885
4767 4779
1744 1821
1436 1458
2685 2739
5668 5675
5267 5336
5022 5096
4732 4742
5686 5698
5453 5498
3153 3169
1941 2033
1900 1968
4119 4200
6112 6116
3860 3864
3845 3862
2041 2125
3330 3406
3305 3368
4069 4082
4206 4285
3093 3100
3064 3095
3087 3169
3141 3209
2983 3030
2940 2995
2896 2985
6027 6053
1468 1473
3707 3744
3727 3820
3660 3757
5800 5824
7133 7140
249 279
12 33
27 8146
2359 2458
2235 2282
2163 2239
56 76
66 102
7876 7899
2870 2955
8104 8133
8085 8136
8064 8155
8118 8166
8113 8136
8151 8187
8113 8151
8097 8105
7828 7861
3315 3384
1640 1689
1699 1706
846 890
2956 2987
575 662
3226 3275
2460 2501
2492 2575
2503 2547
2376 2475
1975 2032
1532 1585
1780 1850
1258 1263
147 238
156 220
189 195
191 268
7917 7953
7912 7924
7862 7950
7933 7991
7926 7954
7708 7787
7334 7404
368 405
299 383
279 338
315 392
4464 4470
4481 4532
1439 1476
6278 6357
1152 1223
1186 1257
2054 2121
2044 2083
2068 2141
2103 2127
2067 2260
3432 3502
3437 3488
445 534
6587 6676
6619 6718
6706 6724
3566 3660
1306 1312
5356 5410
5334 5381
5280 5350
3500 7825
6820 6880
7577 7666
7629 7700
3734 3747
7510 7516
5292 5325
6961 6988
5800 5811
4048 4088
5817 5902
3938 3968
5622 5659
3750 3788
4100 4129
4115 4126
6097 6163
6137 6174
5382 5476
5454 5543
5722 5744
6623 6693
6552 6644
6599 6690
6604 6637
4560 4628
4586 4670
4658 4677
4432 4462
4438 4492
6763 6786
6747 6771
6733 6748
6703 6788
7016 7052
7036 7038
6213 6248
6212 6229
4169 4233
4157 4197
4925 4990
4975 5036
4834 4921
4812 4846
4919 4996
6009 6013
4311 4400
4288 4345
4395 4395
4364 4443
5069 5115
5107 5200
5193 5248
5065 5099
7224 7307
7240 7243
7180 7275
6279 6323
6286 6302
6283 6293
6312 6344
4703 4800
4798 4857
4827 4838
3576 3610
2071 3634
2480 2523
2725 2792
2354 2441
3269 3313
3481 3579
3571 3593
2939 3030
2573 2610
2540 2554
7377 7399
1359 1390
1034 1118
1117 1190
518 1812
1764 1767
566 645
1635 1675
1619 1652
727 795
760 806
715 733
700 755
926 1007
941 958
1169 1186
1121 1215
1100 1131
785 6080
4298 4389
2603 2660
3441 3515
4735 4749
1787 1865
1806 1873
1825 1905
1338 1399
4813 4898
5985 6074
5571 5590
2012 2022
5017 5018
2370 2410
2444 2505
968 1022
3131 3179
670 6556
1272 1305
962 1023
3124 3192
2628 2713
6023 6059
3559 6684
4452 4483
4061 4085
1401 1479
611 7627
967 995
810 880
857 884
2422 2460
1470 7606
1709 1753
4628 4684
2047 7924
6261 6296
5530 5585
7238 7326
7355 7401
7840 7853
6776 6784
5992 6083
6371 6420
6416 6513
5763 5858
7919 7963
3194 3210
3846 3846
4778 4806
2384 2436
2347 2385
2261 2356
7146 7183
7105 7166
7025 7108
4704 4771
2746 5466
5251 5342
3896 3930
3074 3110
2701 2759
3548 3577
5074 5101
5390 5395
3631 3693
2089 2119
1871 1890
1314 1382
1358 1454
1408 1483
441 518
420 493
531 532
5 7568
1131 1209
801 880
101 118
61 131
114 148
67 132
467 510
440 519
494 572
1656 1684
892 956
927 996
917 955
968 1008
6539 6617
4582 4659
4237 4251
6402 6425
2705 2774
310 333
1363 1457
1321 1382
3048 3058
5414 5497
1554 1604
2057 2131
6224 6294
6269 6291
5696 5795
5678 5771
4297 4330
3259 3313
1951 7769
4041 4128
1214 7721
7356 7411
6825 6852
6845 6894
1496 1519
2163 2200
3139 3141
7258 7335
6130 6186
2884 2963
2879 2951
5299 5317
6751 6794
4115 4157
2571 2627
3507 3579
3565 3657
3577 3656
5787 5849
5724 5820
5691 5745
1277 6756
2183 2223
2401 2440
2333 2334
1524 1605
6146 6199
5371 5447
3643 3738
4292 4315
4790 4799
2501 2567
1961 2053
3945 3952
3980 3993
4100 4191
4074 4162
5092 5149
5073 5112
3786 3829
3075 3097
3066 3099
5470 5491
4061 4069
2805 2874
2738 2757
2633 2667
2632 2690
2545 7370
3695 3767
6401 6476
4622 4667
5666 5689
6070 6124
1350 1438
1274 1357
1315 1340
1854 1905
7430 7433
7766 7785
2520 7888
7723 7769
7733 7806
7794 7890
3415 3444
2274 7625
3222 3257
4241 4250
5425 5444
2687 2711
2659 2706
7425 7444
3595 3661
3603 3615
3136 3211
3114 3154
4642 4733
6391 6413
6390 6402
5910 5979
6268 6348
6343 6383
4026 4104
4102 4120
4027 4070
6665 6712
6624 6723
2985 3008
3919 3943
6740 6811
6810 6906
6880 6889
6675 6767
6728 6766
5027 5077
2844 2928
2899 2942
2906 2949
2866 2898
5619 5677
5604 5683
3944 3990
3922 3952
4399 4491
3453 3549
3361 3457
7468 7528
7146 7220
7149 7232
7110 7147
7146 7162
7143 7151
7340 7392
7628 7667
7587 7673
7597 7683
754 799
57 2577
49 144
27 59
281 376
338 357
2363 2371
1391 1437
1346 1402
1230 1277
2550 2599
214 226
2374 2450
909 960
2074 2128
1594 1643
1575 1608
1587 7308
6193 6264
5535 5578
2054 2072
3548 3562
4507 4573
1728 7531
5578 5592
1085 1120
991 1028
7992 8048
7978 8052
2896 7989
6243 6304
6902 6962
6883 6963
6080 6142
7630 7671
7639 7724
7544 7634
6455 6463
6481 6549
3656 3750
91 6046
81 92
986 1044
257 269
1193 1212
467 469
879 940
1635 1666
200 208
1218 1317
1217 1248
1199 1228
390 401
376 441
412 447
2335 2386
166 192
132 200
109 175
66 162
1713 1775
1702 1731
1666 1721
1645 1701
1726 1757
1789 1883
1795 1822
1777 1826
1107 1119
4366 4377
3987 4022
3286 3301
613 691
620 623
563 629
671 705
5998 6037
6003 6033
2939 2942
2931 2940
2699 2720
2674 2764
315 356
266 333
3130 3229
2452 2508
2418 2512
2424 2469
4067 4102
5763 5819
1472 1473
5517 5565
775 852
815 819
747 818
750 814
706 761
830 880
843 882
3574 3624
3557 3599
3618 3646
3629 3680
3589 3633
5665 5761
5352 5375
5284 5299
5257 5348
4859 4937
4445 5138
5068 5159
5032 5067
4737 4809
4620 4658
5858 5862
1539 1621
1478 1562
1364 1545
1423 1500
1436 1449
1388 1425
1306 1375
1256 1321
1261 1271
1506 1549
1610 1624
1574 1648
2205 2289
2143 2223
2162 2222
5877 5879
5877 5961
3391 3465
3405 3495
2799 2810
1900 1901
7733 7821
7994 8006
2992 8011
7661 7732
7285 7295
6803 6860
4920 4961
7570 7625
7618 7681
7522 7580
5381 5397
7770 7798
7757 7856
7167 7224
7431 7450
6898 6990
7231 7239
7141 7236
3118 3132
7321 7384
7321 7358
7315 7348
7376 7391
3862 3955
3377 3440
6100 6102
6230 6247
6233 6240
4753 4836
4823 4828
7886 7985
7821 7915
5884 5899
5873 5932
5845 5906
5732 5827
7470 7470
4076 4157
4342 4399
4320 4391
4408 4432
6338 6410
6308 6368
4583 4604
4514 4664
4465 4506
4391 4473
5274 5291
5280 5357
5274 5295
5252 5318
5940 6032
5950 6004
6452 6502
6468 6481
5023 5095
5071 5088
4205 4223
5450 5502
5463 5508
3133 3215
3174 3228
3159 3258
3247 3335
3154 3199
3170 3188
3151 3152
3664 3729
3649 3693
3669 3722
6591 6671
6642 6740
6663 6737
6681 6719
5108 5108
5097 5183
5064 5130
3965 3967
2182 4855
4730 4750
4816 4915
4856 4950
4947 4996
3889 3895
2206 2232
2827 2857
4380 4380
4316 4398
4276 4356
4268 4304
4363 4390
4329 4413
4274 4372
4377 4440
4363 4437
2334 2367
4501 4569
3936 4018
3945 4009
2665 2754
2806 2815
2004 4157
2073 2088
3225 3273
3200 3264
3252 3270
2388 2468
2382 2432
2378 2445
2419 2429
2035 2036
2606 2664
2583 2667
3965 4015
3603 3629
3547 3620
3555 3599
3567 3598
2839 2879
4033 4103
4007 4089
4025 4070
3285 3300
3393 3474
3364 3400
3501 3521
3448 3523
3481 3579
2244 2335
3033 3057
3012 3085
3074 3157
3848 3947
3901 3931
3653 3697
4632 4724
4687 4712
4642 4643
6159 6200
6167 6217
6186 6281
6137 6196
6082 6168
6077 6162
6077 6137
6156 6904
6877 6895
6579 6624
6366 6428
6465 6522
6841 6858
6286 6334
6728 6824
6725 6793
6725 6729
6796 6813
6626 6648
5600 5629
5577 5622
2830 6441
2816 2876
2899 2990
16 6076
441 482
445 467
434 451
624 668
630 689
658 723
615 627
1430 1507
4115 4146
3038 3717
3236 3311
95 135
69 166
1697 1776
1677 1739
1619 1702
196 236
210 302
265 357
132 207
5965 6053
984 989
3826 3898
4207 5831
4822 4900
4475 4508
5823 5858
5656 5696
2518 2579
2474 2555
748 828
772 827
794 858
1953 2033
1005 1011
999 1079
6172 7946
7595 7664
1812 7504
6332 6384
7020 7084
6950 7041
1323 6056
1417 1490
2277 2351
5105 5140
3914 4008
5916 5960
3872 3880
2669 2692
2026 2110
5580 5670
1242 1334
1312 1330
6742 6747
1508 7820
2243 2257
2140 2218
7206 7290
7196 7242
7001 7062
1969 1983
7764 7825
1706 1759
7665 7690
7652 7722
7611 7676
7653 7690
1495 1575
4162 4256
5153 5199
7423 7481
7383 7455
1612 1671
1904 1912
1886 1956
4312 4360
4424 4451
2015 2025
2019 2110
1976 2070
3561 3592
2485 6978
6416 6432
3468 3564
2722 2742
3634 3651
3699 3718
6450 6513
6500 6593
6599 6649
5767 5828
4023 4056
5651 5674
3680 3690
4442 4446
3119 3161
3082 3157
6058 6094
6005 6066
5995 6039
3852 3918
6879 6933
6310 6373
6309 6336
2784 2813
5867 5939
5896 5930
4948 5036
6721 6786
3321 3331
6247 6266
3720 3737
4447 4506
3799 3803
1767 1798
1698 1770
8051 8081
8 8152
38 56
8079 8121
8105 8151
116 8077
5052 5073
6461 6465
7469 7528
66 121
5383 5399
5394 5422
4786 4843
4777 4827
7575 7665
7499 7597
7554 7594
582 613
613 616
6742 6809
6731 6796
2618 2626
1799 1816
867 933
849 928
1324 1422
151 212
114 210
174 244
5440 5442
7692 7734
7724 7729
7668 7714
7702 7720
2498 2521
4880 4950
7103 7157
7138 7177
6350 6446
8060 8100
8096 8189
8049 8103
8070 8139
704 738
5481 5525
373 375
5956 6046
5986 6012
5992 6031
5978 5984
5942 5977
7013 7076
6985 7076
247 299
274 336
1007 1031
1021 1059
971 1021
3013 3068
4004 4074
4265 4277
1918 1933
460 532
461 501
460 470
511 594
746 801
764 818
1222 1224
7916 8007
7916 7921
7885 7944
7954 7999
7929 7962
5615 5703
5591 5650
3318 3388
3279 3321
3283 3288
6630 6700
6665 6702
6671 6703
6589 6639
4356 4386
6125 6205
6096 6138
6074 6112
7749 7812
2308 2343
5105 5189
5113 5200
5203 5258
2225 2247
2246 2336
4343 4351
1486 1579
1450 1549
1542 1625
1620 1684
3829 3888
3773 3863
3727 3780
3846 3871
1669 4776
1949 1960
1916 1951
2554 2645
3297 3360
3318 3347
2182 2231
2212 2243
1788 1826
3955 4002
3915 3998
4415 4510
2300 2345
3868 3898
3446 3527
3490 3509
2879 2923
1760 1769
6932 6932
6929 7003
6970 7002
6847 6867
6843 6915
6839 6883
6800 6850
6908 6913
5757 5787
5763 5770
5781 5812
5755 5838
5786 5845
1823 5813
3771 3868
3741 3795
3663 3710
4666 4673
5323 5329
2182 2274
6479 6565
2343 7590
5391 5440
5432 5488
6987 7012
5905 5968
5812 5910
6151 6237
6349 6390
6341 6438
7074 7085
7297 7365
7342 7388
7341 7421
5604 5695
6808 6893
6764 6817
6043 6109
6023 6074
57 5323
335 363
379 390
353 438
247 312
232 291
39 110
104 110
4179 4228
3618 3622
5309 5314
3369 3420
647 671
4742 4803
4777 4795
4454 4474
3948 3975
4045 4119
4999 5053
222 231
3026 3107
2529 2604
2594 2621
2535 2595
3117 3180
3148 3245
3747 3794
126 194
7460 7471
7093 7146
677 7168
4843 4887
2816 2885
2872 2954
3748 3824
1868 1916
3105 3150
3137 3155
3714 3744
3444 3504
4558 4593
1781 1787
4158 4181
1674 1732
1717 1763
1673 1732
4418 4493
4472 4539
1500 1581
1567 1578
1567 1610
4098 4107
4098 4099
3683 3685
3669 3733
2433 2518
3977 3997
4324 4349
1288 1330
1226 1234
5258 5298
5042 5095
4996 5085
2109 2186
2147 2216
2147 2227
5155 5169
5161 5207
3587 3587
3575 3619
2775 2798
2786 2796
823 879
1063 1064
2346 2390
2335 2364
3888 3966
3876 3909
3961 4004
3917 3995
3888 3922
6272 6280
6014 6060
5530 5615
6940 7017
7058 7115
2609 2691
2567 2629
2539 2601
2580 2640
7165 7174
933 983
1155 1205
6287 6301
5332 8008
6725 6769
7285 7372
7203 7299
7812 7897
7812 7817
7848 7920
5906 5912
5642 5664
6240 6263
7168 7173
5918 5929
6176 6234
7778 7789
6871 6919
6824 6906
6878 6887
6629 6638
6602 6655
7068 7164
5931 5938
5575 5624
5492 5588
5560 5653
6338 6363
6921 6996
7685 7741
7615 7711
7565 7626
7597 7657
6572 6600
6410 6429
4995 7171
4992 5007
5608 5686
7482 7556
7544 7591
2256 2305
4313 4318
33 8189
191 192
8032 8092
8077 8144
8050 8149
7445 7445
7976 7976
239 302
8150 8169
8098 8153
8157 8176
8117 8162
8134 8146
8123 8168
7581 7642
7636 7647
7398 7433
7393 7417
337 387
338 378
366 389
357 430
316 360
284 381
261 331
391 432
7106 7122
445 452
6790 6826
7560 7575
7478 7560
7472 7568
7570 7633
7700 7799
7673 7768
7759 7795
7769 7790
7733 7746
3561 3575
6268 6345
7891 7937
7891 7912
7901 7955
7912 7984
7967 8014
7989 8037
3327 3406
559 6268
906 907
614 618
638 681
2040 2054
1981 2070
1957 1994
577 591
488 584
481 576
436 516
516 528
436 440
2132 2173
718 760
830 901
893 895
1916 1945
1902 1920
2529 2543
777 828
732 806
3482 3523
3235 3249
3149 3181
2388 2433
3958 4001
2636 2649
6117 6121
5504 5554
1108 1167
4910 4965
2099 2118
2087 2150
1354 1400
1345 1423
1263 1357
1248 1334
1312 1360
1292 1361
1227 1256
1411 1505
1775 1857
1814 1898
1771 1866
1807 1814
1778 1854
1875 1888
5834 5888
4081 7386
6707 6791
6718 6737
6734 6802
6449 6460
6401 6471
6440 6474
6546 6577
5375 5401
4812 4878
4598 4621
5230 5241
7226 7258
4519 4587
2970 5230
3457 3489
3408 3484
4120 4129
3529 3571
7289 7379
7231 7326
7311 7374
7304 7381
7268 7304
7350 7366
6247 6253
2436 6372
4831 4863
5595 5642
5163 5257
5250 5297
3831 3877
2960 2967
5794 5814
4284 4292
3543 3545
5557 5593
3672 3726
3609 3675
3654 3744
3737 3755
6285 6344
6342 6370
2908 2943
2789 2872
6243 6283
6231 6317
5841 5849
5775 5862
4422 4497
4442 4455
4201 4259
2710 2771
2721 2767
4686 4758
4705 4794
6061 6131
6057 6138
4124 4165
3116 3156
3153 3204
5470 5497
4017 4057
4044 4064
2576 2615
4988 5060
4949 5024
3493 3533
5300 5369
4567 4617
3386 3396
5870 5933
5871 5897
3241 3327
3306 3314
5735 5761
6987 7050
6980 7067
6813 6889
1730 1756
1600 1629
1599 1635
1012 1074
958 1055
998 1028
908 1004
1011 1077
619 1206
674 708
629 679
628 719
700 785
581 663
2319 2384
887 4638
4334 4336
1161 1250
1184 1193
1697 1700
2358 2405
1410 1497
1416 1473
1424 1463
1384 1468
1404 1472
2472 2508
4022 4051
4501 4506
2790 2792
2728 2812
1708 1768
4627 4636
1848 1898
2816 2816
872 941
2265 2339
1598 1650
1580 1648
4409 4474
1089 1129
1996 2035
1995 2026
3413 3504
3358 3443
3473 3568
3433 3519
3556 3588
2044 2099
2093 2168
3263 3286
3795 3863
1317 1341
2592 2651
1521 8016
7951 8045
7944 7956
7999 8019
7966 7979
7616 7694
7668 7754
7654 7661
7831 7930
7840 7873
7851 7916
7817 7856
7904 7925
7894 7903
7500 7504
2822 2902
7527 7569
3447 3465
3006 3007
4297 4315
7418 7473
7358 7426
7399 7407
7468 7539
7430 7483
7435 7526
3021 3060
3497 3509
6806 6866
1556 1592
2045 2063
5511 5528
1734 1757
5334 5379
6142 6241
4196 4246
5279 5309
4745 4830
7013 7059
3255 3255
3254 3344
3420 3441
6497 6558
4074 6696
1519 1541
2302 2399
2313 2389
1478 7346
6535 6535
2453 2458
5780 5790
6846 6927
3085 3120
1482 1501
1481 1555
1441 1540
1431 1483
1430 1510
6126 6134
1570 1643
1542 1596
1561 1652
1506 1591
6353 6378
5450 5523
7339 7397
7395 7408
7375 7432
7432 7515
6212 6266
3126 3155
3151 3233
2949 2990
6039 6044
1740 1749
1676 1755
5230 5285
5210 5284
5250 5265
6489 6499
7071 7091
7028 7111
7011 7059
6996 7042
3047 3047
2276 2374
4947 5026
3343 5169
4999 5053
4312 4332
3351 3411
3328 3426
3696 3780
3602 3613
3601 3660
4747 4799
4277 4294
5140 5232
2094 6299
5480 5552
2755 2781
5293 5319
6293 6383
3540 3626
2252 2323
2925 2965
2858 2864
2512 2515
4269 4284
5150 5163
6082 6156
6061 6108
4729 4819
4406 4450
5348 5435
5366 5404
5362 5401
5064 5108
5062 5131
3002 3006
4581 4602
4548 4589
4634 4690
6193 6248
6464 6486
7572 7597
7515 7583
1001 1013
8179 8186
8173 8189
10 31
10 96
80 100
90 112
76 4891
4487 4537
495 593
1940 2003
792 864
3639 3685
2897 2992
1380 1389
1783 1868
4890 4919
4264 4358
1478 1575
1573 1595
1692 1717
46 63
3 7748
1350 1367
710 809
677 712
728 777
761 833
723 727
182 241
182 228
225 311
204 275
873 966
927 979
7549 7639
7547 7570
1151 1172
1090 1188
1393 1476
1029 1079
999 1086
6075 6146
1763 1811
3917 3977
1570 1624
1515 1581
1536 1566
1211 1239
1238 1276
1251 1302
1151 1240
1169 1265
77 134
72 160
34 112
57 57
126 172
124 137
439 536
514 612
597 676
598 645
593 599
522 597
6567 6639
6614 6635
3752 3794
3700 3772
1668 1717
2191 2283
2500 2579
4825 4857
6862 6903
6514 6515
6507 6602
6593 6682
5684 5696
4705 4788
4436 4514
3287 3372
3273 3356
3400 3460
1961 3694
3125 3205
1988 2052
2525 2528
5770 5809
3997 4007
2996 7489
7144 7152
3728 3756
4518 4535
2993 6056
3352 3403
3743 3789
2930 3001
7328 7360
7116 7127
6613 6708
4316 7096
6243 6278
6434 6478
6461 6483
4320 4352
4333 4345
2610 4888
2732 2741
2887 2931
2908 2921
4370 4394
2997 3084
3067 3103
6676 6728
7450 7457
3635 8071
7308 7354
7969 8057
7916 7979
8042 8070
8000 8084
8070 8101
8027 8091
8043 8049
8050 8108
8041 8083
8068 8093
8082 8082
7090 7136
7046 7135
7092 7092
7267 7277
7202 7244
7244 7284
7568 7578
7140 7159
7138 7225
7114 7191
7492 7536
7489 7577
6839 6915
6769 6863
6756 6820
6741 6783
6860 6896
6247 6321
7457 7457
7450 7519
7699 7755
7695 7794
7697 7737
6659 6706
7368 7423
7376 7436
7418 7422
7293 7390
6965 6980
6958 7011
6924 6984
6905 6942
6962 7013
6917 6995
6973 6982
6509 6539
6568 6622
1375 6246
3956 3971
2933 2980
1414 1439
3471 3535
1563 1596
3743 3745
5314 5372
4301 4369
4292 4379
3536 3626
3615 3627
3599 3610
3555 3600
3505 3557
3443 3515
2485 2493
2730 2757
3039 3102
4585 4597
4563 4636
4036 4045
4038 4088
3851 3913
2327 2395
3159 3180
3136 3233
1892 1898
1850 1922
1855 1894
4806 4897
1982 1982
1511 1541
1469 1561
3974 3975
4115 4185
6123 6207
6161 6246
3273 3348
3662 3689
3641 3679
1766 1848
1795 1803
1765 1848
5957 6037
5598 5691
5587 5609
5454 5512
5480 5579
5492 5534
5491 6662
5777 5820
6095 6190
5456 5516
5402 5480
5600 5699
5598 5657
6226 6255
6305 6404
6567 6661
6651 6702
5740 5775
4736 4803
4768 4781
5153 5242
5221 5308
5099 5160
5114 5172
4670 5201
4875 4875
5053 5053
5021 5056
5026 5055
4710 4741
4687 4734
4813 4843
4783 4858
5187 5278
5085 5134
2503 2592
2499 2565
2567 2628
2159 2186
2185 2274
3004 3011
3008 3060
62 4065
1585 1674
177 234
1270 1329
1165 1171
1805 1842
178 1985
3745 3761
4039 4115
3223 3251
3191 3267
132 172
4264 4269
252 6687
6359 6412
2403 2420
595 624
6513 6526
6523 6577
5237 5273
5312 5337
5945 5982
5021 5026
5596 5678
1888 1926
4332 4335
2837 2927
2810 2888
3315 3377
3331 3361
6473 6473
4231 4307
821 825
4423 4441
1786 1838
1771 1806
4212 4214
1320 1352
3974 4062
32 6265
68 96
136 139
99 177
99 145
5664 5722
5283 5356
3955 3965
5110 5168
3235 3243
2627 2631
5785 5796
4327 4379
2797 2825
4749 4842
4822 4915
4720 4735
419 498
226 301
249 319
180 266
246 253
2730 2760
6089 6161
6103 6195
3518 3601
3523 3590
5176 5270
5166 5203
3043 3126
3028 3043
3077 3090
4683 4683
2874 2937
2887 2887
2832 2929
2668 2684
4434 4521
4461 4495
4443 4469
4444 4466
2454 2539
2445 2494
6015 6035
3717 3768
3318 3354
3297 3396
2125 2205
2140 2200
1483 1504
2035 2091
2019 2066
2057 2062
2042 2086
2945 3013
2935 3014
2932 2940
2928 2972
2961 3028
325 399
321 378
5937 5993
5986 6074
6000 6085
5967 6039
5951 5955
3162 3234
3156 3204
3154 3192
4025 4078
4064 4150
4064 4128
4017 4089
3984 4017
1181 1264
5797 5869
1814 1863
1856 1868
4587 4676
4617 4622
4538 4608
4588 4609
4584 4640
4511 4544
2244 2297
2246 2269
2291 2297
2275 2287
5485 5569
5497 5563
5504 5553
2008 6083
3606 3621
3272 3297
3241 3273
922 944
912 1987
835 915
802 847
1774 1858
948 1038
1213 1235
1205 1279
1676 1751
1665 1761
1739 1759
1642 1680
1595 1673
1459 1501
1450 1546
630 711
6322 6353
6256 6332
6235 6305
6317 6416
6350 6373
6397 6422
6647 6735
6580 6668
6719 6807
6715 6768
7799 7846
7795 7858
7841 7870
7828 7908
7777 7849
7757 7779
7668 7669
7656 7689
1959 7836
7111 7116
7373 7429
5487 5492
6242 6293
4302 4324
6162 6201
4655 4734
179 5806
519 544
525 538
4450 4482
5726 5753
2098 2186
906 984
2603 2642
3710 3791
2936 2981
1359 3703
5304 5365
4166 4215
4200 4267
633 7069
1352 1450
2373 2376
1197 1225
5089 5127
6416 6506
2283 2288
2236 2322
6296 6358
6246 6316
5722 5813
1077 1107
786 854
5350 5353
5277 5295
6623 6675
6641 6701
2087 2107
2106 2137
1719 1815
1662 1738
1707 1747
1692 1764
1814 1894
4280 4368
2521 4711
3656 3669
4270 4302
3518 3558
3707 3721
4688 4777
3013 3072
4073 4083
2836 2910
3749 3834
3946 3963
2763 2827
2739 2821
2790 2800
4014 4065
4027 4064
4041 4047
3485 3512
4169 4195
4447 4534
4509 4509
4387 4453
3317 3324
2025 2085
433 444
183 245
150 7626
162 202
184 273
175 267
172 203
5599 5682
6321 6326
7524 7549
7459 7552
7440 7529
4085 4085
2386 2391
2378 2408
4495 4504
2888 2966
3866 3898
6132 6165
5694 5749
5685 5709
3216 3251
6538 6596
6590 6622
1440 1532
1239 1311
3672 3730
141 157
3932 3972
1387 4938
2856 2902
2881 2918
1582 1595
4889 4914
3530 3563
1033 4715
2866 2913
3814 3867
345 7358
6377 6450
6467 6488
6482 6517
6454 6503
7092 7179
7144 7221
2098 2102
1844 1900
1435 1497
5295 5314
727 5896
762 796
3507 3564
4686 4710
1214 6302
2467 2475
5335 5339
3106 3161
1359 1408
2492 2522
2738 2794
1456 1497
2335 2382
5563 5585
5961 5961
2013 2033
4148 4238
4201 4251
1800 1888
4750 4796
5144 5165
1160 1162
542 610
450 6621
1517 1578
1113 1119
517 576
1140 1163
1721 1745
2535 2570
2255 2337
813 872
781 880
771 856
698 784
644 708
1244 1312
1228 1312
1311 1332
1180 1237
1251 1307
1834 1891
1002 1088
1653 1696
2580 2595
4923 4952
2618 2690
1982 2024
411 494
380 411
3607 3692
4657 4693
1334 1380
7424 7434
7586 7644
7818 7819
7805 7897
2580 7926
4400 4409
6383 6396
6814 6826
5822 5858
5300 5309
5030 5069
5592 5641
5907 5992
5678 5689
2922 3000
3538 3586
3551 3603
2085 3692
2897 2955
2501 2566
2435 2451
4708 4790
6878 6938
7195 7254
7233 7305
3810 3838
3827 3829
7689 7712
6520 6593
4235 4239
4870 4888
7433 7501
7314 7349
7335 7419
5720 5793
1885 7414
6081 6161
3228 3242
4064 4103
3018 3035
1766 7967
7865 7867
7886 7928
7967 8039
7957 8019
7979 8043
7997 8003
7997 8006
7868 7962
6435 6499
7012 7053
7541 7575
7298 7369
5512 5600
2661 2748
3546 3571
6660 6691
6682 6706
3426 3491
3470 3509
3651 3671
3648 3673
3231 3262
2093 2096
5704 5783
5619 5705
5766 5829
3091 3189
1996 2019
3587 3614
1762 1784
1396 5190
3090 3132
4701 4777
1460 1514
4169 4188
3537 3591
3521 3587
2883 2980
2186 2187
2475 2527
2604 2642
208 7825
7636 7651
7683 7688
7733 7745
7744 7790
434 460
352 420
661 690
7624 7628
7611 7704
541 635
1043 1124
712 802
710 746
1138 1179
1819 1876
940 977
938 1023
7199 7276
1301 1387
2429 2495
2175 3458
2115 7521
7166 7169
7417 7424
6058 6087
7252 7311
7251 7292
7292 7331
7234 7311
5164 5171
5771 5813
5530 5603
7067 7078
6749 6825
6814 6903
6807 6831
6810 6867
6295 6318
6282 6326
6278 6325
6624 6644
3541 3574
5640 5705
5691 5775
5698 5763
5604 5682
6124 6203
6180 6191
6164 6244
6159 6162
7440 7465
5364 5462
5393 5451
5411 5427
5177 5239
2289 2292
4586 4588
3003 3029
2946 3022
3434 3504
4734 4793
7338 7387
7337 7341
2247 2288
4979 4992
4607 4684
3629 3693
5012 5068
2177 2231
6478 6564
6442 6534
6515 6600
6579 6664
6566 6646
6507 6567
6468 6480
6460 6469
6442 6493
5903 5997
5894 5909
5942 5986
5937 6029
5917 6010
2298 2358
3957 4020
4019 4084
3904 3983
7481 7511
7510 7516
7403 7490
7454 7489
7457 7477
2628 2704
2630 2638
2689 2780
2402 2436
1234 5079
2105 2137
3463 3547
4384 4420
2922 2934
1202 1239
1198 1214
3078 3095
1610 5148
4379 4386
4822 4827
5088 5091
3206 3284
1722 1788
4669 4739
4717 4784
4729 4773
1936 1992
4978 5048
4969 4987
4965 5058
4976 5031
4387 5908
5608 5653
4947 4960
4747 4772
4826 4853
4805 4836
5851 5855
4465 4539
4413 4479
5859 5919
3492 3522
284 4194
681 698
668 728
987 1068
2359 2398
3895 3895
1881 1938
2879 2960
3055 3149
221 297
213 294
1715 1788
1775 1841
2858 2861
1477 1564
1486 1522
1511 1573
2750 2806
1646 1691
3454 3468
3477 3517
2264 2338
1708 1708
1588 1622
1617 1681
3239 3323
3935 3992
3868 3966
917 968
1092 1188
1152 1218
1195 1256
1083 1109
1105 1193
1080 1179
1184 1278
1967 2061
1990 2042
1978 2065
1949 2003
4157 4188
4079 4171
419 421
421 491
389 447
433 490
2598 2691
2609 2686
2612 2664
2669 2672
2451 2483
344 365
4266 4311
4235 4313
2023 4411
2345 2392
2618 2637
668 6422
6383 6385
1707 1721
1870 1876
6275 6285
801 864
818 854
6287 6371
1920 1989
865 972
1487 1542
1470 1512
6191 6261
6200 6200
4880 4974
1148 1197
5009 5051
2399 2428
4717 4789
4697 4788
5885 5961
2324 2364
4796 4833
5963 6060
5991 6029
3129 3181
3155 3157
2505 2526
3891 3935
3903 3966
2632 2662
2633 2714
660 732
4082 4099
2318 6101
4571 4647
3243 3341
5728 5815
2300 2319
2307 2339
5409 5430
5327 5417
5358 5392
4163 4232
3436 3530
4704 4766
5996 6001
3391 3393
3938 3975
1020 1021
413 4036
2802 2813
364 422
309 397
3688 3719
2340 2387
3359 3381
3347 3383
812 823
6711 6729
6718 6803
6803 6846
6721 6758
7048 7051
269 7165
1333 1345
2616 2649
2321 2342
4428 4524
2170 2194
2804 2900
2219 2301
2240 2240
4654 4682
777 790
5060 5101
293 381
319 351
798 895
746 818
758 833
892 912
3601 3621
1881 1918
1867 1884
575 647
6255 6295
6355 6362
3634 3637
3554 3644
3788 3825
665 692
4765 4817
1071 1157
1141 1194
923 973
2969 2997
2976 3006
2941 3011
1519 1541
5110 5145
3437 3464
423 439
408 444
5514 5539
3049 3065
3841 3879
3830 3921
3921 3985
3861 3954
1408 1472
5945 6041
6028 6083
6064 6135
2012 2061
2035 2106
423 3205
2074 2116
618 692
3208 3304
7560 7568
7833 7859
7832 7876
7317 8076
7965 8039
7989 8024
7815 7833
7849 7914
7884 7892
7342 7413
4931 7813
7198 7247
7281 7327
6679 6698
5077 5124
4931 4981
7502 7560
7472 7505
7703 7718
7708 7793
7705 7761
5326 5372
5984 6067
250 7246
1239 1266
2823 2921
6104 6138
970 983
3791 3824
2459 2468
1367 1434
1391 1452
235 258
5873 5903
1115 1151
3219 3280
3193 3598
2314 2323
5258 5329
5686 5741
4399 4438
5914 6010
2604 2650
4892 4956
2979 2986
6314 6388
5501 5597
3074 3100
3060 3137
3134 3174
5392 5443
7113 7207
7166 7201
4552 4584
4538 4623
4522 4569
4070 4148
4071 4097
4058 4117
6678 6732
6725 6774
3961 3965
4769 4855
4673 4771
4670 4726
1177 1192
1189 1202
1664 1741
1965 2033
1990 2033
1984 2051
1936 2001
1985 2013
1991 2059
1529 1583
513 537
1781 1863
5339 5370
1530 7346
5778 5803
6732 6813
5528 5595
6958 6993
2993 3041
697 712
7608 7668
8072 8120
8019 8078
7977 8030
7964 7979
8007 8013
8031 8056
8113 8187
8122 8155
14 24
18 115
114 130
68 113
97 139
7 18
13 45
21 111
84 150
144 159
143 187
99 7927
131 163
7891 7900
7917 7951
7901 7949
7858 7936
7927 7962
7917 7987
7947 8044
8041 8049
7975 7996
261 7827
6623 6641
6382 6430
7810 7817
7492 7580
7729 7779
382 390
7236 7310
7249 7281
7191 7277
6767 6788
6738 6776
321 359
7343 7408
7650 7691
7676 7733
396 6360
5721 5741
6310 6365
5119 5146
5111 5165
5245 5326
5321 5415
1968 2034
1351 1407
738 792
759 853
1134 1231
1221 1260
2852 2889
4297 4351
3151 3234
6200 6244
3962 4042
3650 3683
5781 5801
3340 3387
4377 4467
4412 4425
4607 4661
4645 4676
2991 3089
3036 3038
2372 2409
4827 4922
3260 3262
2077 2155
712 5214
5164 5317
2690 2762
3219 3281
4824 4862
3481 3560
3416 3464
4005 4095
2331 2376
766 838
506 7154
1233 1265
1203 1263
913 935
1390 1392
1535 1544
1409 1498
1326 1410
6717 6743
623 711
671 726
4923 4933
4575 4658
1997 2025
1655 4939
1914 1968
2787 2856
2264 2271
1795 1848
1752 1851
3611 3684
3435 3443
2879 2898
6482 6570
3338 7915
7698 7706
7602 7668
6923 6967
7224 7297
7459 7471
6542 6609
3446 3495
5127 5211
7780 7783
7725 7815
7780 7815
7773 7844
6432 6456
6443 6486
5337 5381
4829 4890
4817 4875
6896 6915
5614 5680
5584 5655
5536 5611
6359 6364
6316 6370
1435 6594
1767 1822
2920 2921
3004 3057
2219 2243
5637 5676
5617 5702
4508 4560
6201 6274
3933 4004
3991 4024
4343 4397
3829 3847
6369 6429
3316 3383
3379 3442
4609 4675
1555 1576
2071 2082
5369 5454
7089 7132
2401 7238
2582 3900
3086 3116
6262 6341
3908 3975
6626 6663
4974 5048
5978 6028
3986 4021
7864 7935
747 770
544 7664
7567 7590
6468 6508
6374 6464
5792 5805
7406 7434
4688 4723
5954 6028
3577 3607
6772 6814
6281 6348
6325 6331
7100 7185
3831 3908
7648 7663
1958 2027
1969 2063
6519 6532
5079 5159
6619 6704
6639 6663
5848 7354
6474 6514
6216 6275
3650 3668
3634 3703
2225 2317
4617 4648
1565 5613
2433 2455
1812 1879
1816 1874
1598 1606
1607 1663
1547 1627
1578 1612
1646 1714
1619 1711
2058 2075
2013 2062
4970 5000
5492 5564
3702 3748
3495 3572
2516 5599
3894 3983
2461 2549
2535 2563
2875 2877
3110 3116
3544 3586
5003 5010
4989 5021
4418 4504
3274 3338
3587 3645
3506 3587
3984 3987
5312 5405
4149 4191
2810 2839
2794 2870
5606 5693
3969 7844
7738 7818
7760 7804
7734 7798
7590 7615
5272 5303
6938 7032
5884 5921
6267 6290
4122 4219
5366 5432
7525 7546
7654 7707
1448 1495
459 493
487 585
363 1396
456 467
485 547
649 655
1045 1047
1396 7579
4695 4765
6086 6138
7335 7377
4470 4530
5858 5952
6247 6268
6978 7075
1655 1682
2943 3033
7193 7273
7179 7228
2201 2251
1720 1810
3915 3976
5178 5263
5146 5210
1872 1933
6569 6652
6602 6637
5298 5319
7553 7639
7477 7576
2432 2512
1617 1644
3150 3190
3156 3237
4314 4402
1692 4437
4371 4402
3041 3105
3103 3163
3027 3080
3713 3767
2579 2623
1654 1702
5457 5477
5689 5701
1101 1130
798 895
753 813
806 839
1085 1089
323 386
333 390
686 733
940 1018
891 981
989 1034
1197 1264
313 7798
6170 6244
6725 6758
439 455
393 460
5549 5598
5772 5832
5721 5792
5711 5781
7001 7059
7237 7240
1515 1585
3036 3075
4064 4068
7091 7177
7077 7122
7113 7145
1835 1864
1069 1071
4433 4510
7287 7310
6266 6301
4873 4965
2672 2685
6582 6627
619 673
620 676
5491 5524
1077 1111
2234 2247
5926 5964
2128 2169
4029 4040
4988 5015
5160 5259
5202 5285
733 739
6640 6724
6563 6649
3897 3910
3329 3337
3345 3369
3841 3877
3701 3726
7682 7699
7610 7690
7787 7826
6382 6433
6429 6520
6421 6458
6422 6492
2330 2366
2954 2977
5854 5886
5872 5897
1870 1969
1942 2021
1298 1387
1221 1299
1237 1280
1259 1319
1213 1298
1357 1374
3579 3677
3522 3616
1146 1202
2765 2798
4537 4573
4544 4588
2492 2581
2450 2517
1637 1714
1666 1669
810 852
753 5438
1873 1972
1864 1962
2172 2244
4871 4912
4078 4146
857 956
2586 2626
1486 1501
1146 1197
3334 3410
3262 5273
5244 5337
1644 1715
1649 1744
3061 3078
671 4268
7387 7416
207 296
231 238
191 268
269 304
283 312
246 343
180 184
76 90
87 140
72 138
76 123
118 138
79 101
10 63
30 8142
5385 5468
7857 7857
7858 7892
7915 7957
7912 7945
7907 7950
7873 7928
6969 7017
5963 6057
8101 8181
8109 8142
8153 8156
8146 8146
6669 6712
7651 7723
7662 7664
7621 7665
5230 5263
7493 7590
6401 6417
5716 5720
5299 5371
5233 5324
7084 7173
7147 7177
7075 7097
8053 8060
8046 8056
8017 8072
6252 6317
6273 6282
6124 6167
6115 6186
4260 4287
4271 4338
1185 1242
2708 2723
4026 4078
5166 5190
5170 5175
6614 6619
5469 7331
7237 7302
6879 6952
6184 6200
6135 6206
6631 6726
6540 6600
6527 6606
7116 7122
7172 7199
6973 7050
1899 1974
51 5137
1797 1821
4465 4488
3130 3157
4095 4164
4910 4993
151 169
428 524
449 541
3766 3796
1610 1640
2591 2607
2555 2618
2110 2138
2139 2233
2213 2279
1411 1443
1430 1466
4569 4640
4585 4656
3954 4052
3964 3979
3864 3939
988 1023
944 1040
979 1065
4064 4090
4022 4089
4995 5036
1482 1529
2395 2405
2360 2458
2421 2479
2379 2465
4808 4894
4848 4911
1689 1754
1659 1735
4797 4798
4311 4363
4308 4315
4292 4328
2317 2320
2309 2371
2798 2870
652 696
594 689
663 754
695 773
239 260
256 256
2920 2980
2931 3011
3174 3223
3177 3249
1119 1142
5079 5108
5037 5094
1857 1935
1857 1902
1898 1962
1997 2061
1963 2017
2692 2780
1315 1358
1305 1358
282 294
244 306
1147 1205
1167 1205
1197 1265
3442 3450
3394 3490
3422 3491
3606 3686
3629 3629
3563 3653
3588 3684
376 425
4436 4452
4401 4472
974 6906
4516 4570
6612 6641
5226 5229
6133 6207
5609 5657
4217 4312
5861 5938
5088 5178
1004 1018
6080 6096
5484 5498
815 900
90 4189
1995 2021
844 867
3566 3615
2175 2175
887 969
3080 3114
1336 1341
747 823
3996 4043
2474 2498
3861 3906
4052 4080
1379 1427
156 210
120 157
2293 2304
7781 7804
419 7830
7699 7703
888 965
2674 2738
2542 2573
763 790
572 7570
7124 7153
3097 3100
5307 5395
6837 6909
6828 6857
5794 5851
5998 6020
3332 3396
5770 5772
6451 6545
4456 4459
942 1038
1001 1050
806 893
810 811
5560 5592
6635 6728
6633 6654
1127 1157
7387 7425
7378 7416
7330 7403
2024 2076
2073 2112
2034 2077
1344 1394
2427 2505
2408 4059
3818 3850
3287 3308
3643 3681
3331 3351
3636 3642
1795 1883
1858 1875
1870 1939
1167 1188
6762 6803
4751 4833
7707 7749
7740 7797
1794 7909
6095 6185
5598 5613
7255 7313
5014 5099
6313 6387
4886 4930
5261 5358
5345 5413
5306 5354
5110 5143
7855 7952
3992 4040
2694 2700
3819 3876
53 4825
2757 2798
1253 1298
1423 1498
4488 4547
4264 4277
2360 2401
2392 2406
75 124
1893 1989
536 620
2801 2883
3632 3730
3656 3733
2909 2926
4295 4327
4717 4757
4661 4724
4328 4400
7136 7137
74 8088
2759 2809
4082 4109
7429 7481
5943 5974
5905 5982
5882 5886
3802 3835
3799 3813
3484 3546
3435 3523
3457 3480
3957 3989
39 87
16 77
87 160
30 112
5154 5175
5761 5849
649 730
2570 2608
6832 6894
3780 3787
1482 1490
5655 5720
5425 5458
1767 1866
166 204
3221 3239
7240 7240
5050 5121
2493 2530
4898 4971
2231 2293
2224 2257
2291 2354
7297 7336
3121 3125
4981 4999
4704 4797
7997 8074
8000 8051
8046 8117
6931 6944
6881 6978
5261 5324
2412 2421
1035 1103
989 1062
3867 3908
7096 7110
7092 7102
1121 1147
5328 5401
927 957
7736 7812
7753 7849
7748 7779
7613 7654
7591 7673
7551 7633
7523 7600
1927 1999
4427 4504
1636 1725
1633 1712
1608 1634
1588 1675
1328 1400
1320 1394
1207 1227
1180 1279
1277 1346
2929 3007
6629 6706
6676 6768
6082 6096
6036 6128
6055 6117
4289 4387
4306 4330
6542 6610
6499 6570
6570 6645
6461 6532
6514 6567
6155 6215
6123 6219
2059 2148
2103 2200
3305 3384
3350 3376
3259 3356
3260 3320
3189 3276
3340 3363
3366 3369
551 622
4594 4649
4602 4607
306 309
249 315
192 270
2442 2469
2372 2406
2401 2429
825 849
275 7926
7532 7573
671 677
5650 5728
5264 5352
2016 2044
6817 6879
3251 3284
984 1053
1871 1899
7495 7501
1747 1810
1064 1097
4407 4485
666 8099
8084 8175
8092 8141
8120 8159
1259 1311
6417 6429
5696 5696
717 746
7222 7301
7245 7252
785 805
2756 2806
5262 5303
8003 8010
7953 8034
4965 5013
2171 5686
3770 3770
2986 3010
4982 5059
4225 4275
4208 4260
4929 4981
2854 2870
4542 4580
53 7830
7688 7744
7681 7684
7650 7727
5754 5791
5543 5564
7288 7381
7021 7031
4094 4097
2097 2170
4860 4878
2899 2946
7561 7612
7588 7614
2376 2415
5971 6013
1649 1728
4044 4088
3963 4058
80 1369
933 1011
947 1000
516 529
220 260
533 535
126 188
55 140
174 188
795 876
1174 1179
1179 1278
1225 1249
1127 1176
346 370
1285 1367
5428 5449
1776 7524
7119 7166
7020 7110
5842 5852
4969 4993
4756 4800
6055 6140
6518 6615
3377 3469
5609 5636
2291 2304
1836 1844
4087 4186
6946 6951
6264 6338
2120 2138
6811 6890
6831 6915
6653 6743
6714 6735
2238 2279
5331 5369
5340 5408
3618 3635
3590 3665
7201 7287
7254 7257
7294 7369
2630 3348
3185 3224
3265 3285
2840 2859
6196 6249
6228 6272
4223 4248
7378 7427
5910 6006
5985 5985
5971 6036
6429 6480
6419 6466
6428 6458
6437 6499
4006 4012
2284 4352
2461 2550
3518 3584
4320 4418
2263 2358
5697 5784
1441 1484
7863 7929
13 8186
7690 7723
1356 1431
969 1047
7284 7374
470 498
427 500
5705 5791
4914 4927
4721 4808
132 204
2445 2497
1734 1780
1892 1965
6638 6705
5314 5344
5291 5354
3171 3207
6567 6575
761 813
6402 6446
5449 5470
5437 5440
4940 4963
4936 4946
4912 5009
3620 3636
6750 6848
662 675
4212 4292
4281 4374
4285 4356
7632 7634
1136 1147
2331 2414
2391 2484
2350 2444
2300 2362
6386 6400
2542 2635
2962 2970
6226 6291
4613 4613
7093 7184
7150 7223
7068 7162
1614 1684
6888 6980
7506 7583
6858 6883
6881 6881
7029 7032
6941 7034
881 958
4413 4497
3006 3074
2960 3019
2823 2893
2873 2969
2856 2922
5929 6004
4148 4208
4113 4183
4161 4219
1285 1325
7411 7502
7479 7561
3684 3751
26 7565
7173 7189
550 554
279 301
3990 4044
2131 2135
6909 6993
4522 4565
4923 4959
3365 3376
6711 6727
6668 6764
7493 7568
5083 5089
780 866
5977 6019
1261 1360
5615 5684
1499 1543
5260 5267
174 232
5421 5493
6368 6467
4806 4875
1457 1488
1121 1201
1187 1226
1172 1212
1094 1142
6223 6241
5273 5368
5361 5406
2758 2815
2676 2692
2557 3243
2908 2933
1808 1851
1792 1860
1 83
18 98
7901 7918
2462 8089
208 8123
390 474
397 465
187 275
769 830
7387 7452
5945 5972
566 640
5506 5599
7259 7288
7325 7343
6421 6502
330 335
325 347
996 1066
1631 1692
3548 3612
7182 7247
4061 4102
7580 7673
5061 5130
5254 5313
543 546
7835 7933
7800 7895
7887 7939
7799 7871
710 756
2682 2772
1255 4680
4600 4613
1553 1578
2859 2928
4252 4309
2692 2756
2434 2457
688 702
667 698
567 7681
7161 7196
6030 6109
3112 3180
1207 1234
4200 4262
4425 4520
4486 4502
7233 7324
3514 3590
5793 5866
3190 3225
3206 3209
5023 5058
3595 3678
3650 3731
1846 1921
6475 6498
6449 6497
6456 6548
7592 7629
7564 7595
7565 7600
4595 4653
5269 5325
1571 1582
1579 1645
4803 4848
4029 4105
3969 4049
1166 1198
1150 1187
5225 5239
5223 5266
2171 2215
6328 6404
6300 6359
5438 5484
5414 5502
5432 5494
7076 7127
4126 4170
4702 4752
7654 7727
7711 7757
7627 7722
7614 7666
7739 7797
1345 1374
1974 2000
2663 2695
525 5230
1923 1979
1197 1209
2123 2184
976 1045
983 994
3206 3223
3196 3263
1077 1156
1059 1095
2566 2571
3449 3466
1614 1618
1602 1635
3153 3182
2681 2709
4132 4216
4697 4748
4340 5670
4759 4839
5556 5650
5470 5492
3719 3765
1048 1054
6906 6997
6863 6913
6929 6984
6629 6704
6245 6273
6223 6250
6178 6252
2944 6698
2836 7328
6523 6534
4776 4863
3698 3788
3064 3090
6201 6259
4227 4234
6933 6938
6699 6761
3211 3279
4281 4288
1440 6216
5123 5193
5952 6040
4191 4298
4026 4056
2787 2815
2323 6999
6121 6185
343 6340
861 952
2881 2930
3439 3514
6177 6249
3542 3597
5385 5450
1625 1635
2147 2176
5906 5986
4180 4201
4778 4847
2455 2551
5686 5748
5330 5365
5326 5372
4269 4337
5785 5831
4989 5016
566 597
1853 1905
468 564
1159 1248
603 618
6357 6445
7076 7481
3169 7199
4535 4620
5236 5317
6953 6953
3250 3251
2253 7839
6586 6624
6556 6647
6597 6653
7795 7888
7250 7269
7232 7260
7729 7757
6765 6804
6745 6792
6824 6833
7412 7473
7465 7525
7160 7224
6403 6413
5993 5998
3083 3165
4615 4620
4473 4537
4495 4563
3075 4830
3516 3581
59 6501
543 591
6143 6224
3248 3259
2675 2686
5481 5532
3394 3397
4337 4371
1724 1754
1866 1874
3230 3240
2925 2952
6057 6081
3405 3490
6471 6521
6325 6388
6313 6406
5428 5462
5680 5719
5138 5208
1891 1900
1844 1900
3605 3607
2234 2309
2213 2251
57 102
38 103
1 81
66 78
62 71
22 33
25 75
812 857
5871 5928
5881 5966
5911 6007
5999 6006
4977 4997
2621 2666
6117 6125
2958 3020
5745 5827
693 730
665 747
4943 4945
4924 5010
1515 1577
1467 1566
2791 2847
2816 2868
2727 2805
2737 2814
1098 1102
1047 1112
4148 4236
4068 4155
4000 4080
1442 1452
4731 4825
4821 4830
921 956
883 976
134 135
6999 7059
6982 7070
7061 7114
7042 7093
6903 6993
7288 7302
8083 8111
8008 8104
8072 8134
207 8049
358 397
369 380
2161 2171
3864 3943
1916 1968
5999 6027
3407 3506
4660 4718
7671 7716
5372 5382
3242 3284
2995 3003
7292 7377
7252 7308
5100 7812
6701 6758
6124 6177
7148 7209
5802 5850
687 8185
7887 7970
7946 7982
7887 7981
7957 8044
7805 7860
7795 7808
7811 7846
7822 7881
2240 2290
4543 4632
5370 5433
6607 6647
4142 4162
5337 5365
1683 1736
1727 1782
6199 6206
7382 7474
2838 2863
6810 6832
5246 5292
1520 1539
1466 1471
2484 2497
2593 2623
3499 3535
8100 8169
8082 8135
461 470
261 6750
1498 1581
115 7023
661 758
752 776
1260 5053
2185 2279
2184 2266
1554 1589
1431 1518
1429 1490
3778 3861
2512 7770
4889 4908
6751 6831
6569 6586
5644 5739
6220 6269
6210 6283
7669 7750
7702 7781
7608 7703
7662 7666
7598 7631
7722 7795
7706 7801
7687 7724
7647 7737
7683 7741
7033 7086
4496 4550
5180 5196
4348 4363
5238 5274
5916 6002
5833 5928
5830 5885
2485 2542
6893 6902
2585 2678
2569 2627
2660 2670
2946 2986
6956 6976
6959 7051
6879 6958
6927 7012
6876 6973
6007 6066
7506 7596
7520 7597
7527 7555
7501 7533
7402 7494
7467 7503
5744 5817
3267 3317
6113 6192
6070 6161
6112 6199
6155 6168
6086 6104
3443 3473
6637 6640
1913 1913
1004 1042
86 2177
320 333
919 928
736 748
54 126
12 70
1536 1582
354 401
535 576
490 583
1295 1326
205 288
244 261
220 225
1126 1134
1117 1140
1140 1235
421 454
700 700
1889 4253
2670 2758
2613 2670
2214 2227
2170 2200
1916 1953
2288 2386
3712 4489
4256 4330
4274 4321
3912 3934
3199 4753
3725 3786
3483 3517
4475 4490
4727 4731
4218 4265
3652 3696
3667 3680
3642 3695
4321 4395
4352 4383
4037 4127
3084 3128
1450 1521
1445 1465
989 7459
7117 7133
7424 7448
7361 7424
6266 6290
5607 5637
4911 4945
4838 4856
4766 4859
7265 7327
7267 7269
7285 7342
7260 7315
7313 7348
6790 6804
6772 6839
5007 5072
4997 5059
3647 3700
1314 1351
5980 6044
5653 5749
5712 5780
5332 5370
5077 5089
3490 3553
4629 4699
1990 1994
1251 1285
1285 1304
2969 3002
6882 6931
6846 6915
4269 4339
4221 4275
4251 4280
4169 4263
2205 2244
2407 2506
2506 2532
1401 4574
4396 4422
4526 4552
3109 3129
3061 3064
3514 3591
3435 3504
1404 1461
2798 2862
1771 1838
1816 1824
3606 3656
3681 3756
2517 2539
2301 2373
2343 2411
2612 2680
6420 6483
5808 5878
5797 5824
5813 5817
239 6987
1131 1184
1295 1368
1322 1390
1290 1385
271 346
5792 5798
5864 5867
5849 5947
5854 5885
945 967
458 476
453 519
6017 6073
6034 6072
6000 6065
6914 6927
6280 6358
6234 6324
6322 6380
6326 6400
6314 6327
6611 6677
6519 6612
6530 6543
6529 6623
6619 6709
6420 6487
6478 6504
582 642
1403 1481
1471 1568
1856 1883
1839 1897
1878 1961
6863 6875
1634 1634
6734 6747
6732 6830
6725 6767
4938 5030
6928 6978
6940 7017
6903 6964
7004 7088
2360 2362
1972 5744
4425 4461
3957 3964
5378 5441
2697 2715
2425 2458
2415 2473
2908 2982
2957 2990
2952 3041
2952 2983
3201 3203
3047 3118
3078 3092
3086 3122
4805 4807
2824 2848
2844 2906
4741 4773
3369 3392
5697 5704
3970 4065
3995 4033
4867 4942
4885 4947
4931 4943
2328 2386
2374 2380
3455 3461
4629 4664
4576 4652
4642 4672
4600 4673
2265 2312
2275 2327
2304 2329
3722 3757
3707 3762
2620 2659
491 5420
3327 3400
2364 2378
5217 5297
2177 2238
6506 6509
7149 7231
1219 8126
2817 2909
5909 5970
4135 4156
7335 7354
4403 4466
2390 2489
5019 5035
5662 5716
5700 5749
2186 2248
2178 2207
1633 1637
7623 7674
151 190
6 8144
8103 8129
8114 8133
8118 8125
8036 8040
8024 8084
585 591
7372 7396
7228 7285
2250 2312
1598 1665
2317 2330
2315 2320
359 411
7868 7882
7477 7525
7437 7495
5479 5527
7844 7865
2335 2358
5837 5908
7911 7916
7898 7924
5257 5332
2395 4667
2332 2399
3005 3011
3763 3822
4599 4612
2455 2510
2791 2840
4829 4830
2944 7207
5159 5179
6033 6081
4611 4629
3898 3957
6910 6953
1332 1362
1010 6616
2594 2646
3462 3553
5400 5456
2046 6053
1226 5603
2486 2500
3041 3140
2716 5759
5075 5138
133 7957
5963 6040
6520 6520
6512 6554
6487 6503
6446 6487
5785 5871
5850 5919
5797 5824
6093 6148
6841 6871
6829 6861
5757 5779
573 623
7237 7301
7291 7305
7209 7266
7221 7241
7528 7565
7492 7543
7511 7554
7473 7530
7940 8033
8004 8083
8053 8073
7952 7962
7928 7967
7947 8040
7969 8053
8034 8082
8053 8135
8135 8170
6282 6346
89 169
93 116
7023 7048
6977 7031
6938 7029
6900 6944
669 712
394 475
461 461
206 271
529 549
498 550
546 562
6641 6667
6571 6669
6564 6579
6577 6617
7626 7660
7553 7631
291 361
6790 6823
6753 6799
6770 6863
7818 7908
7860 7909
7887 7903
7782 7850
7813 7865
7852 7930
3114 3139
1699 1791
1728 1817
2161 2183
5017 5095
5073 5107
7063 7162
7161 7260
6180 6224
6191 6229
6151 6191
6222 6226
6221 6262
6213 6217
2585 2619
1290 1335
968 5533
1388 1457
1568 1634
5387 5424
2083 2115
2472 2496
3354 3371
4044 4136
2497 2520
1769 1813
4971 5026
1087 1161
2541 2599
2322 5724
5653 5697
5667 5697
1782 3004
2250 2252
2304 2346
2088 2147
4606 4635
3946 3964
2357 5516
5378 5430
5346 5406
3064 3074
4572 4665
5509 5570
5490 5521
4685 4761
5084 5144
2356 2361
2575 2625
5186 5226
3648 3684
3973 4017
5586 5648
1522 1527
7705 7770
7646 7726
7703 7778
7722 7724
7755 7836
7653 7656
7660 7678
891 920
719 2013
1752 1794
1182 1265
970 983
876 924
477 5426
1123 1136
4123 4164
1349 1418
1040 1114
4238 4272
5415 5479
5186 5207
1191 1222
1212 1274
1145 1226
1268 1350
3585 3604
2967 3054
2964 3020
3024 3071
4702 4753
4731 4737
4730 4789
4432 4478
4387 4479
4402 4429
4452 4512
5131 5152
751 752
3204 3267
3206 3273
1745 1779
1694 1751
1637 1708
1749 1826
2568 2664
2578 2608
2186 2263
2230 2276
2181 2247
490 517
461 555
538 549
532 564
437 470
388 453
4287 4302
4013 4111
4013 4053
4026 4100
981 1035
904 987
2834 2931
4916 4983
4916 4927
3757 3840
3814 3836
3788 3810
4998 5069
5017 5066
5007 5055
3967 3978
3079 3131
6395 6409
4801 6426
4808 4844
4967 5057
4834 5402
6094 6157
6029 6127
6224 6277
1139 7705
7104 7110
7349 7350
6379 6473
5228 5280
6113 6130
6236 6267
5909 5950
3490 3545
5366 5371
5316 5384
7512 7525
2656 2719
3187 3198
4907 5006
5005 5079
4948 4959
5998 6006
1936 2031
2960 3026
1299 3200
2106 2107
1884 1916
3103 3121
1605 1697
2173 2205
2995 3069
2977 3008
2909 2957
5579 5639
7539 7544
36 70
50 120
28 86
101 148
31 123
59 149
51 6692
5747 5804
4992 5036
2473 2493
2829 2900
527 578
1339 1413
6091 6146
6109 6166
4308 4382
3096 3190
5403 5502
5413 5506
1846 1917
3677 3701
4605 4695
4694 4763
4032 4092
2188 2263
3207 3273
3204 3246
4903 4991
2312 2322
792 830
728 5057
2729 2731
3003 3014
1301 1399
3734 3773
2175 2177
4255 4310
1430 1477
1616 1757
1753 1848
1824 1877
1829 1871
1724 1754
337 1194
1065 1115
279 345
271 363
487 567
555 640
814 828
664 753
2909 2974
2906 2923
2221 2299
2130 2130
2791 2846
2750 2793
1910 1981
1962 1967
4165 4223
2460 2487
2443 2497
2041 2101
5076 5096
3475 7400
4966 5059
4741 4773
5567 5628
4005 4019
5665 5669
5674 8008
8005 8030
7440 7462
7377 7380
6085 6096
7498 7526
6853 6917
7758 7802
5595 5691
7286 7356
7271 7339
7984 7987
4188 4244
111 5573
1820 1841
1815 1854
1843 1919
1087 1137
1094 1169
1693 1730
1673 1770
1660 1742
1669 1765
1681 1720
1961 2046
2172 2176
238 289
407 464
1344 1382
1310 1397
974 1025
954 1039
25 1076
434 502
559 589
553 638
560 560
707 757
659 707
107 190
242 290
195 258
289 359
2075 2143
2084 2085
4985 5051
1519 1592
1534 1558
1556 1647
1575 1623
3508 3549
2186 7979
6829 6865
6674 6726
6683 6762
7078 7137
7130 7150
6776 6788
2241 2259
2175 2189
7929 7999
7971 7973
7968 8000
7947 8015
7983 8037
7862 7945
7841 7866
7827 7894
7837 7903
7941 7977
6305 6357
6264 6313
7592 7659
7621 7671
7661 7760
7641 7728
7379 7430
6405 6447
6411 6451
2263 2319
2308 2335
2231 2278
7768 7807
6958 6996
6887 6983
6989 7057
6955 7025
6976 7048
3163 3242
2753 2848
4582 4655
2431 6043
2949 2957
3336 3386
3339 3437
3288 3335
4673 4686
2489 2512
2469 2489
4036 4044
2689 2744
2719 2792
2605 2633
4372 4445
3666 3697
3165 3256
3112 3210
3130 3176
5535 5547
4938 4944
4152 4223
5873 5876
4048 4097
5247 5341
2806 2879
5945 5959
4827 4893
4833 4912
5421 5487
3639 6515
4024 4040
5115 5201
5112 5124
5999 6094
6078 6105
5843 5939
5932 5989
4864 4909
4872 4937
6320 6417
6354 6440
6202 6252
4394 4406
4393 4399
3730 3827
3737 3781
5765 5828
5005 5098
5098 5157
4264 4349
5440 5527
5525 5608
4608 4654
4589 4687
4749 4825
4434 4492
3462 3530
3496 3568
2337 2421
2346 2417
2389 2414
7484 7514
1473 1494
98 3248
1222 1280
835 915
1948 1981
2371 2438
309 7675
3878 3879
5293 5325
6800 6818
5676 5696
62 7266
666 736
644 683
7029 7096
6643 6686
6617 6656
6178 6198
6048 6131
6951 7000
3841 3896
2231 2316
2182 2192
3451 3462
5064 5076
5132 5137
4443 4519
2023 2031
1306 1341
6482 6522
1660 1743
3158 3168
1502 1577
3619 3642
1056 1125
1016 1093
1043 1093
5659 5688
3391 3437
5898 5899
493 526
1941 1951
4826 4833
308 400
1249 1254
1101 5242
2635 2690
2622 2643
3232 3263
4197 4274
4174 4217
4508 4557
3274 3284
3236 3290
4761 4804
3843 6942
6395 6461
4475 4558
6320 6379
4853 4901
4181 6305
1206 1244
1235 1254
2030 2129
2127 2199
2131 2176
1966 3299
2763 2813
2714 2721
2839 2856
3239 3278
1592 1641
402 414
399 6129
5558 5632
504 562
3564 3613
7337 7412
7373 7377
7635 7730
5 8114
8065 8128
269 355
232 328
2406 2429
4204 4245
6255 6258
3915 3923
6909 6926
844 883
487 514
7919 7979
7934 7975
3450 3482
6517 6595
6314 6409
6035 6098
1139 7731
4518 4545
4386 4463
4578 4662
1636 1710
5205 5241
2104 2181
2124 2168
7730 7795
5757 5795
5787 5811
1613 1619
3105 3134
1079 1145
1960 1974
389 431
278 8142
3195 3270
855 859
1900 1983
4229 4290
2230 2328
637 667
7429 7483
3792 3807
5691 5751
5215 5304
5289 5346
3066 3091
3508 3513
3412 3511
4072 4072
284 379
3114 3149
771 847
7938 7967
2042 2105
2078 2121
1449 1510
1491 1502
381 417
399 477
3927 4004
1863 7680
6387 6415
7046 7129
4221 4254
3222 3269
6454 6538
4106 4161
7622 7700
1063 1087
897 986
14 6232
308 318
131 131
22 78
74 85
2086 2173
1593 1662
2519 2547
2035 2070
1981 2060
1996 2066
203 241
184 259
230 261
178 267
183 252
175 229
2416 2515
2443 2504
2476 2501
983 1058
967 1020
1739 1757
3548 3564
5106 5148
3015 3066
2612 7617
7608 7688
7418 7435
5315 5371
2755 2783
4900 4980
4852 4909
3432 3457
5736 5809
4401 4478
6518 6551
6462 6546
2829 2890
6198 6287
6217 6260
6754 6758
2606 2691
3300 3345
3333 3339
6576 6579
6683 6742
3217 3259
5110 5144
3681 3684
3592 4234
4056 4077
4191 4290
4179 4238
3787 3845
3549 3621
3578 3609
6128 6182
6139 6234
6132 6205
4597 4621
4621 4697
1173 6689
4437 4527
6548 6586
6267 6296
2389 2442
1837 1933
3279 3360
2998 3021
6388 6486
5451 5493
3138 3213
3481 3564
1650 1657
7458 7509
109 112
7836 7865
568 8139
531 624
3508 3607
354 7512
4975 4987
4787 4838
6168 6171
4151 4157
1402 1450
4302 4347
3510 3513
3690 3714
2559 2559
6961 6973
3035 3036
2977 3067
4518 4551
4489 4522
2307 2332
4400 4444
2567 2655
3109 3168
327 384
629 662
2163 2215
7382 7466
935 984
2087 2135
3386 3421
5866 5935
5926 6017
5964 6006
1178 1275
1196 1215
1581 1660
1519 1616
1486 1520
1530 1558
2712 2734
2687 2784
6515 6614
6907 6923
6858 6941
842 883
5346 5362
5340 5354
7331 7347
1951 1989
2845 2922
2911 2932
6261 6318
444 543
473 551
446 508
418 447
7908 7949
607 8102
7979 7993
668 691
578 652
591 601
8077 8167
8022 8077
7983 8072
8124 8169
8122 8137
7067 7078
7069 7137
5833 5930
5889 5892
5876 5897
5850 5910
5971 6029
1920 1975
1615 1617
5265 5274
6771 6780
4408 4463
2126 2140
2048 2146
2037 2094
7234 7320
7300 7383
2940 2952
2892 2951
4814 4896
1671 1732
5027 5078
5046 5098
1150 1157
6679 6769
6699 6747
7811 7908
7781 7837
7832 7916
7780 7828
7825 7889
4729 4793
5446 5513
1348 1427
5520 5584
4487 4551
6197 6258
6250 6298
6479 6502
785 835
700 799
780 784
778 793
787 859
660 742
708 739
6860 6903
2374 2393
3622 3703
3691 3705
3940 3944
3930 3988
5608 5636
5622 5701
1817 1853
3799 3862
3846 3876
3793 3846
2743 4823
3263 3320
2629 2659
2603 2684
2642 2703
5801 5810
7665 7743
7657 7729
941 971
866 941
923 5784
1162 1257
1008 1058
3400 3493
3547 3591
2034 2087
5343 5429
5303 5399
4453 4458
2502 2534
1852 7595
6945 7020
6815 6873
6744 6764
6752 6804
5344 5416
5718 5746
1974 2071
2514 2583
7189 7230
7228 7239
3918 3979
4332 4364
4842 4874
7034 7103
7030 7081
2773 2839
2115 2126
2193 2229
2733 2752
6149 6177
2308 6437
3198 3285
3727 3775
6422 6468
6372 6432
7411 7474
7389 7466
2152 2155
1702 6369
5343 5380
5634 5641
5997 6082
6075 6096
6041 6100
6005 6030
5097 5190
5086 5155
4642 4665
4615 4662
3801 3822
3807 3809
2967 3023
2589 2658
4761 4857
1898 1902
4174 4194
4138 4212
5542 5565
4238 4248
7549 7642
7457 7554
888 966
218 3590
1789 1818
2600 2697
3473 3520
3466 3502
3475 3497
1558 1640
1537 1606
1002 1063
1879 1882
578 626
578 667
3563 3633
1373 6889
5775 5788
3656 3687
620 5176
3623 3639
3241 3311
1589 1632
4054 4107
2907 2977
3892 3908
2193 2217
5572 5594
62 7837
7296 7301
1284 1383
2501 2595
6799 6819
1489 1577
3015 3088
570 586
2647 2723
3951 3974
3921 3986
3854 3952
1680 1694
7247 7247
7520 7539
612 635
577 619
7700 7765
795 893
961 980
4637 4658
6915 6987
5620 5704
3684 3696
7644 7644
4544 4591
7332 7380
1049 1075
5119 5182
5551 5559
5540 5585
7428 7513
4014 4105
4099 4163
3976 4072
4420 4482
4403 4438
6254 6269
3483 3503
4272 4273
6515 6589
7176 7209
7183 7183
7805 7819
7752 7815
4838 4921
4842 4890
10 86
24 53
7970 7976
198 8182
6502 6581
6590 6670
6209 6229
6076 6147
7324 7397
5161 5205
5102 5177
7279 7315
5294 5314
5461 5472
5470 5520
5863 5909
6365 6435
5918 5923
5032 5061
7169 7265
7229 7250
7545 7596
7496 7553
3508 3528
4569 4632
650 732
6905 6915
6945 6994
6735 6812
6799 6866
8048 8117
7986 8056
8016 8040
8015 8081
8013 8093
8091 8114
3951 3969
2097 2115
5996 6038
839 879
876 945
4052 4092
2236 2283
2208 2306
7100 7144
7118 7208
7158 7181
2514 2543
2378 2464
2435 2475
129 4937
1740 1836
336 352
3607 3626
2183 2183
1968 1992
4907 4959
4882 4968
3676 3735
3789 3836
3548 3548
168 258
248 262
197 199
3912 3958
47 129
30 61
52 89
2288 2323
3878 3906
1682 1734
4350 4437
4364 4383
4184 4257
4226 4257
2568 2572
1551 1568
1511 1575
1463 1535
4576 4635
862 935
4799 4864
2857 2952
2944 3014
3383 3476
2334 3383
2683 2714
3265 3293
2591 2663
2600 2648
2629 2693
2537 2582
3009 3033
3404 3487
3417 3460
1367 1450
725 1441
884 953
1385 1442
1147 1151
1148 1161
1265 1278
714 803
1299 1300
971 1068
1443 1472
4006 4032
4288 4292
4076 4156
4046 4120
4142 4240
4223 4260
4474 4544
4494 4571
3499 3543
3443 3526
2751 4157
3534 3617
3459 3486
522 543
318 4212
358 381
365 437
407 498
958 1038
1566 1575
2607 2609
2791 2855
2478 2485
2323 2421
2284 2328
1170 1263
1771 1861
1827 1847
2524 2558
2542 2579
3318 3417
682 762
1114 1165
610 622
5008 5016
3433 7468
7038 7057
4685 4759
6504 6579
6834 6848
4227 4309
1744 8011
4079 4094
5150 5191
3064 3071
1998 2044
6702 6772
4851 4925
2476 2572
3297 3300
4188 4243
2349 2445
5403 5492
2153 2218
2133 2175
4575 4608
5821 5851
6852 6944
6909 6992
7412 7450
3543 3613
6221 6290
6198 6507
6465 6474
6253 6323
1881 1955
3677 3750
3736 3808
3731 3830
3814 3868
3146 3200
2958 4149
4644 4703
192 7344
5917 5933
2380 2436
3707 3775
1068 1140
6315 6396
5965 6020
4690 4762
4987 5021
2542 2547
5489 5514
3017 3051
2995 3066
1161 1170
2141 2146
2126 2146
754 790
5821 5912
7402 7403
7385 7451
7531 7583

