3322548620
2070102264
2256116054
3219966495
1883375930
1849126790
1829189367
3307152190
2249232805
3082237032
2848686087
3203557227
3190179173
2661330536
2997818318
1950853830
3017929068
1723107378
2578064832
2573856699
1947361178
2495269460
2834926908
2026779753
2754697329
3190179173
2304657950
2937396198
3062443085
2683504669
1604920120
1668330996
2441059727
3213155644
2292547361
1882525181
1861913265
2812593425
2744064956
2311144766
2867592744
2039274429
2397899705
3257183238
2278543640
2125097364
2730935508
2722358841
1642227142
2683450824
2523791403
